0.4883522579
0.5538736534
0.2804452800
0.8997776893
0.8397349823
0.9686389118
0.4481396333
0.2662235046
0.3106581570
0.4246890708
0.4951836738
0.8378306150
0.9174367921
0.9036245220
0.7369818928
0.7572662230
0.3923401200
0.9324199572
0.6960447006
0.6409510962
0.9278624374
0.6182738148
0.5897728711
0.9247534888
0.7580181351
0.7381755561
0.9513684531
0.5257723984
0.8197443150
0.7000265018
0.5454886516
0.7236212544
0.8914161175
0.7473469915
0.3775077079
0.8764005875
0.6228216024
0.9893806258
0.7171310362
0.8157983327
0.3275252176
0.5585175929
0.7872895833
0.7516611518
0.9820542863
0.4668995544
0.6470154097
0.4661822498
0.8426370573
0.7983488511
0.9603851738
0.6021601550
0.6267729503
0.6164322103
0.9964878751
0.4498464251
0.8100474486
0.6420704188
0.1082592023
0.8896768019
0.3278376652
0.9930636850
0.5985439251
0.4788945464
0.5987339352
0.5577260638
0.6265148193
0.7330747815
0.4550987978
0.7951349429
0.9993864268
0.9745403759
0.9021312200
0.6296254580
0.9480918302
0.9104145906
0.6627244972
0.9174578478
0.8386551779
0.9623979194
0.5629648750
0.9273965921
0.8143415557
0.6780897023
0.2157180368
0.9005187490
0.8294535336
0.4198463220
0.6388074830
0.5368266888
0.7328501918
0.5798408663
0.4404314289
0.5319662072
0.7246849682
0.8659186101
0.5428369735
0.7069998150
0.8219626673
0.3516310028
0.5739896626
0.9057224555
0.5797256509
0.4399679279
0.8233358355
0.6440930234
0.7799810084
0.9817843160
0.4689995186
0.5550011501
0.9103715923
0.6115957956
0.6644807266
0.9278433264
0.9158766107
0.8189628203
0.5604107438
0.2016483532
0.8292046066
0.4105838475
0.9675233485
0.5355779665
0.7967157374
0.8048528401
0.8476145699
0.6721239659
0.4096522859
0.4838037382
0.3782656978
0.9694105735
0.7229199930
0.5953769262
0.8641538839
0.8642873503
0.3176437264
0.5354997762
0.9211878260
0.5248800145
0.7299354366
0.6037482761
0.1791977775
0.7386642687
0.5592105732
0.7679010275
0.7709670941
0.7294098732
0.6896530582
0.3292924199
0.7744934765
0.8529772652
0.7999568265
0.8152366936
0.9207520653
0.4060855468
0.6400770258
0.8758327365
0.4204386046
0.5195804627
0.6863222450
0.5726723902
0.9572899557
0.8261560268
0.3041746906
0.9120319873
0.9036590092
0.9148135089
0.8005492890
0.4111178961
0.8418175565
0.4143850308
0.9849774723
0.6011444495
0.8819505884
0.3951697718
0.5477466491
0.4248093172
0.3815485772
0.9422438804
0.5455595650
0.8599988275
0.5673795407
0.7860236035
0.9291652917
0.9870189638
0.6260082178
0.9339132376
0.9177814361
0.8659246582
0.7281566241
0.6413004757
0.6207754502
0.8989143662
0.8449920419
0.6975565721
0.6985191136
0.3562910683
0.6541223654
0.9060885969
0.9648654624
0.8959883901
0.2146696779
0.6327623236
0.6387985163
0.8960062493
0.9576992167
0.7717219235
0.5975506374
0.6026741327
0.8555627319
0.9284908915
0.4127282611
0.8523905258
0.3736045553
0.8316968056
0.7777132834
0.3587719874
0.7956461603
0.8378790035
0.5296337542
0.5067487730
0.6575117425
0.5445332727
0.7011960753
0.4766005692
0.6915246349
0.2408561972
0.8159922707
0.3883055217
0.3766164525
0.6196521061
0.5139566545
0.8653575650
0.6348102165
0.8466841338
0.5664429143
0.4766895027
0.7789469339
0.8967661456
0.8630552503
0.5406405393
0.4891387125
0.9260564322
0.4955137217
0.6241043469
0.6561414409
0.9264817696
0.8118376806
0.3078221039
0.8694827397
0.6773081793
0.5885235583
0.9559798299
0.4207681185
0.9672741467
0.9573320849
0.7725260695
0.5379862643
0.7856558998
0.9579773728
0.8339067079
0.9395088556
0.6419359786
0.2625639306
0.6943401015
0.7124032706
0.6784667920
0.6542230689
0.7007505913
0.7905707486
0.3394618511
0.5822268527
0.4732635814
0.8970103162
0.9101072815
0.8526045135
0.8420607336
0.7841315582
0.6968379661
0.7532118792
0.2163794999
0.5556184451
0.9722469853
0.7352981490
0.4419962533
0.7693223944
0.0916577294
0.8408494036
0.4154176720
0.5667522827
0.2933883685
0.7533649223
0.6570705047
0.3100373083
0.9939932243
0.9804507489
0.8653685464
0.5354319924
0.1768669306
0.9543656045
0.9238726098
0.4025946048
0.9091775800
0.9696377895
0.6409898719
0.8672565345
0.8038477574
0.4548364695
0.4821588281
0.7098115434
0.6946198270
0.3520502809
0.4163903015
0.9987430849
0.8265112715
0.7426888328
0.8124893663
0.9082787047
0.7547350230
0.9833681256
0.9963034166
0.9929056096
0.4971743701
0.5989687426
0.7457357884
0.6874152715
0.8183791361
0.5955559447
0.5955845305
0.8041534219
0.9582329928
0.1320275377
0.1766599754
0.7412421017
0.9854290970
0.8889208605
0.2880215774
0.5958671996
0.8233025414
0.8964075355
0.2532383046
0.8018720459
0.8915859045
0.5103185846
0.7783514885
0.5676434300
0.5364391860
0.9663254185
0.8142424129
0.7841725551
0.8942159708
0.6493688310
0.6495113545
0.9646839396
0.7365229811
0.6529711114
0.3485561289
0.9519421228
0.7452117565
0.4582784069
0.2531419974
0.7302213667
0.7407993229
0.8646175825
0.7833669956
0.8802473779
0.4074401170
0.7071149899
0.8110937219
0.8874812017
0.9685385212
0.9696076183
0.9218975850
0.8341925008
0.6828161012
0.3959343736
0.5656362180
0.8621713738
0.5348180137
0.7875984729
0.7299169540
0.4240714487
0.5807611798
0.7458503332
0.6562734765
0.6917780669
0.3397138455
0.4734728095
0.7574167775
0.8614530548
0.6385425086
0.7842616739
0.9914396675
0.8978013025
0.4986398192
0.8810664883
0.7277231380
0.6182204693
0.5389238856
0.8404745388
0.2830762247
0.7401489544
0.2223424216
0.7793218454
0.4623230415
0.5322253287
0.9763455075
0.9905327324
0.6450124612
0.3615579034
0.5026687281
0.5712588711
0.3309915122
0.8666234785
0.6985216285
0.6707233718
0.5312301944
0.9785427300
0.9924718800
0.8326589146
0.5131150414
0.9450098797
0.8499531308
0.8898900968
0.6286419422
0.2415219734
0.7956188889
0.9919501427
0.7326670776
0.5969181800
0.4899134082
0.6425027603
0.6265011947
0.8179977922
0.6835152276
0.8757226387
0.8023900016
0.9389971435
0.7537854672
0.9540113947
0.7622063245
0.4610993398
0.6005244096
0.9312748274
0.6617755926
0.4890509581
0.8964867113
0.7584872467
0.8704234473
0.7948199881
0.8025684039
0.5399571130
0.3857220709
0.7292292863
0.6990287118
0.6355613222
0.8762295149
0.9788529998
0.8829077306
0.9307963619
0.9061452469
0.6372323932
0.8859469947
0.6778452687
0.6874618948
0.7756863622
0.9867267112
0.7934098844
0.4681430862
0.4635287772
0.9840433254
0.8197594331
0.6495470410
0.7631359849
0.9758976960
0.6190707502
0.6989659120
0.8582639300
0.7646190590
0.8006571265
0.8902497239
0.9391005698
0.5004185452
0.9332880489
0.8136677508
0.9117593549
0.6844970222
0.6012770802
0.7300756860
0.8152406040
0.2272480947
0.6131241482
0.7207909936
0.4761247134
0.9989961957
0.5362272231
0.5729423185
0.2794570357
0.6338463139
0.8431181881
0.9946300363
0.8582377777
0.6268376645
0.9422048609
0.7871892490
0.9149936306
0.6446143519
0.5074843014
0.3095139773
0.7497768374
0.2756525877
0.8141415151
0.8663797071
0.6630308994
0.4066031965
0.9633086762
0.6825363081
0.9878643734
0.8224528424
0.6952182934
0.2296004971
0.4567003682
0.2981476114
0.7427517636
0.8422039149
0.6870401790
0.7584390728
0.8728061879
0.9168103871
0.7526507364
0.7829729910
0.5423195520
0.8403883575
0.4256339398
0.5056578880
0.8526748285
0.4651270906
0.5616378392
0.6805475858
0.7087675490
0.6431028768
0.4667419657
0.7792605035
0.8782521317
0.7752879822
0.9060949255
0.9959645468
0.7758884401
0.7185753085
0.3515535886
0.9636951853
0.5471414067
0.4834247864
0.2937856087
0.8948240365
0.5433308393
0.4360857323
0.3794964227
0.6042663142
0.8237148383
0.8062007471
0.9570263143
0.6079857524
0.5079244282
0.4689208170
0.1822188620
0.6338844199
0.6692629493
0.2471786881
0.6607177615
0.3441043644
0.9272105261
0.7277505318
0.9348471599
0.9927880965
0.7997724510
0.5559598476
0.9518498448
0.8529383594
0.8069780519
0.7746910366
0.3611401425
0.7543120945
0.6928615533
0.9234419481
0.8251745447
0.6950485985
0.8447631593
0.6816307576
0.4067536632
0.2756639812
0.4956565049
0.8457442633
0.7952521744
0.5314378337
0.5566255547
0.6648925557
0.4157466390
0.6141582955
0.9623123546
0.4344590085
0.7458679993
0.7350945547
0.6043493120
0.7719658823
0.9998805822
0.5587137466
0.3027166027
0.5697823103
0.5603688354
0.9909032860
0.7712823304
0.8860699453
0.9837926614
0.4860258687
0.8375869120
0.6464683206
0.1934739903
0.7539246463
0.4157188407
0.7093873715
0.8979443734
0.9203536523
0.8157826885
0.9758532767
0.5530423482
0.5416745817
0.2265837189
0.3068630784
0.9123048309
0.8031111063
0.5880045290
0.9560169366
0.5645495307
0.9607794381
0.6990182744
0.5562554339
0.6570591924
0.7453944212
0.9882453869
0.9219657517
0.6816825003
0.5380782111
0.9081705899
0.8936612410
0.7826991049
0.6691356951
0.7253742261
0.9976690560
0.8471769320
0.8532115139
0.1921098401
0.3550514179
0.6215273502
0.8912390798
0.4938340245
0.4478421435
0.4812401112
0.9444268593
0.7055113884
0.9525103698
0.7502427980
0.2805685987
0.4115764457
0.7911584994
0.5902455968
0.7068009225
0.6394181942
0.9829481784
0.2727027308
0.2925808658
0.3543465884
0.7189282707
0.8671344021
0.6933152449
0.7586148078
0.4250601799
0.9628053819
0.6282603266
0.6835882955
0.1180727649
0.1017868978
0.9809109212
0.2871405356
0.6134394898
0.5830557873
0.3020330533
0.8834914211
0.6080521742
0.6924636272
0.6643023889
0.3309243315
0.8265786869
0.8292518839
0.5110577807
0.5745225710
0.9014844201
0.5063439985
0.7335146719
0.8873705202
0.3124997495
0.9371663335
0.7306126600
0.7335635689
0.8929897168
0.5920210341
0.9428282998
0.4843834916
0.5954686629
0.7990339097
0.7464900097
0.9414096789
0.5583500029
0.8584252123
0.4562231462
0.8051709895
0.9299840914
0.7892473111
0.5328324385
0.6995127758
0.9906322376
0.9881309394
0.7406185301
0.4736613019
0.6940677684
0.6758820237
0.6736796529
0.9286645743
0.5201337139
0.7770138229
0.7974572324
0.9458570820
0.4111527043
0.9995434000
0.6854240371
0.7037718754
0.2347649551
0.2109345039
0.9167273129
0.2266349129
0.9915781645
0.3014903337
0.5079514343
0.8823804574
0.2690666138
0.7622996159
0.6704812535
0.5840309212
0.7428482249
0.6885359855
0.4679365867
0.1875903922
0.9963687801
0.6497750332
0.9762876287
0.7406794231
0.7349835581
0.8899133780
0.3786385884
0.7756720232
0.2062455811
0.6915559768
0.1149803758
0.4401369773
0.0250747829
0.8906155804
0.9396863061
0.8005388786
0.2422126603
0.5016334120
0.7309742799
0.5465718663
0.9976303294
0.9701193327
0.9418725814
0.7026161551
0.8605876735
0.9466991555
0.8861432133
0.7062167903
0.1638358265
0.8171972179
0.4486924377
0.3477249551
0.9253136459
0.9114752593
0.0957317917
0.5019189337
0.5212572325
0.8230461140
0.8082107164
0.5874211000
0.7296822713
0.6020087150
0.3551723045
0.0823168970
0.6648975135
0.9490516666
0.6818943618
0.8296019988
0.8009166707
0.9957643226
0.9484745527
0.9548863106
0.3457550746
0.3822952105
0.9445607657
0.3844803296
0.2268060009
0.9272272085
0.4901520213
0.9298904682
0.2573668142
0.2480904870
0.8994371510
0.5329238230
0.4875358762
0.6664317099
0.9016304302
0.8538024934
0.5517108644
0.1564734663
0.9252372898
0.7447670422
0.0864574010
0.3507813020
0.2817034085
0.7855026220
0.4980949641
0.8904080527
0.1783153717
0.5072497890
0.4301232389
0.3920270204
0.1574068392
0.7958788285
0.7924157366
0.9442849486
0.6392798318
0.8268173674
0.5533793451
0.7896414768
0.2356284709
0.2376751892
0.6338613014
0.7888706577
0.4022472931
0.4030242616
0.6759686362
0.9825204472
0.9400156726
0.1428622772
0.5890732960
0.1483187599
0.3884798045
0.9527102401
0.7541589009
0.8904158138
0.4734763039
0.1193376514
0.1774420261
0.5880356993
0.6296945533
0.0294955811
0.8427746755
0.5734436755
0.3515367019
0.3061933845
0.7335042598
0.9430786552
0.6963739058
0.9463314183
0.2623185411
0.7154829486
0.6136774036
0.5519325827
0.4191199381
0.6139634732
0.4554320473
0.9796965508
0.7534567483
0.8834907624
0.5991341681
0.7167346533
0.1603656993
0.2472778375
0.6785692657
0.4212220110
0.7412248087
0.7174996101
0.2315594084
0.5820404990
0.8140128760
0.6772235067
0.8313666782
0.5168628645
0.6673063110
0.7143718830
0.7759168235
0.9449471581
0.3455395412
0.9953594392
0.8483209678
0.3700558560
0.8901061553
0.4393689129
0.5795028390
0.9217335778
0.7075246707
0.6563380445
0.8624204389
0.9179536989
0.6397191023
0.3575804441
0.6302950402
0.5991793592
0.2974774832
0.8289274837
0.8281589968
0.3140713794
0.9418311501
0.1096002971
0.7556947367
0.8420290069
0.8024674363
0.5165170459
0.9256470731
0.7514734112
0.6932965451
0.4850839266
0.9775773381
0.6271302136
0.9373432813
0.7956765823
0.6936651410
0.6405559938
0.4993417374
0.3427718137
0.8172201616
0.6945716365
0.6501748815
0.4655661294
0.6711792448
0.7179493816
0.6182457766
0.2380345643
0.8552748805
0.8006071689
0.4911108879
0.5520955226
0.9386123075
0.4445609442
0.6979721590
0.9600607322
0.4191740875
0.5715337912
0.9521072618
0.6615293336
0.4402008791
0.6929354343
0.7344243477
0.9483782421
0.7027894185
0.2950532085
0.8622152807
0.5894720431
0.7560248005
0.5099134651
0.9111405865
0.6794595271
0.5432176502
0.8881119267
0.8142894741
0.5808264293
0.9675450228
0.6754187028
0.8147963069
0.8160024539
0.7862907771
0.5827167617
0.8976891169
0.9756447289
0.6872700582
0.9900631794
0.7185063187
0.8296086903
0.7402505503
0.6113351667
0.9611331459
0.9106873074
0.9365298555
0.7946049415
0.7555632946
0.7461154072
0.5635871767
0.7679016877
0.5768361840
0.8914422673
0.7457657044
0.5945502656
0.9624571521
0.8530755188
