2.092736661434173584e-01
2.055582851171493530e-01
2.018545418977737427e-01
1.985660344362258911e-01
2.023585587739944458e-01
2.212644219398498535e-01
2.062489837408065796e-01
1.985321193933486938e-01
2.274237722158432007e-01
2.025125473737716675e-01
1.972453743219375610e-01
2.146316915750503540e-01
2.097916752099990845e-01
1.979804337024688721e-01
2.170227468013763428e-01
2.254545837640762329e-01
2.145861387252807617e-01
2.207398563623428345e-01
2.099842131137847900e-01
2.006363570690155029e-01
2.053682655096054077e-01
1.996831595897674561e-01
2.166213989257812500e-01
2.112291902303695679e-01
2.203057706356048584e-01
2.109521925449371338e-01
2.012844383716583252e-01
2.018637061119079590e-01
2.421675622463226318e-01
2.002158612012863159e-01
2.145391851663589478e-01
2.058008462190628052e-01
2.033039182424545288e-01
1.976191252470016479e-01
2.315658032894134521e-01
2.093323320150375366e-01
2.126281261444091797e-01
2.051469981670379639e-01
2.116047292947769165e-01
2.074916660785675049e-01
2.159834653139114380e-01
2.064324170351028442e-01
2.113149613142013550e-01
2.026914209127426147e-01
2.073206752538681030e-01
2.197075784206390381e-01
1.962447166442871094e-01
2.274114489555358887e-01
2.070560008287429810e-01
2.005436569452285767e-01
2.084612101316452026e-01
2.024663388729095459e-01
2.174439281225204468e-01
1.995920836925506592e-01
2.066872119903564453e-01
2.144010663032531738e-01
2.002423554658889771e-01
2.095150500535964966e-01
2.302702963352203369e-01
2.105168998241424561e-01
2.004134356975555420e-01
2.099714428186416626e-01
2.162669748067855835e-01
2.074281722307205200e-01
2.031619697809219360e-01
2.068348079919815063e-01
1.961332261562347412e-01
2.276843935251235962e-01
2.123832553625106812e-01
2.192393690347671509e-01
2.015241533517837524e-01
2.024763524532318115e-01
2.122218310832977295e-01
2.075278609991073608e-01
1.998078823089599609e-01
2.055974304676055908e-01
1.973942965269088745e-01
2.478252202272415161e-01
2.032572925090789795e-01
1.987058669328689575e-01
2.029315382242202759e-01
2.330948561429977417e-01
2.031728178262710571e-01
2.089957892894744873e-01
2.191887944936752319e-01
2.068932950496673584e-01
2.287763059139251709e-01
2.009350061416625977e-01
2.408446967601776123e-01
1.962520182132720947e-01
2.028363496065139771e-01
2.085855603218078613e-01
2.225028127431869507e-01
2.108931392431259155e-01
2.529763579368591309e-01
2.094322443008422852e-01
2.080307304859161377e-01
2.118698954582214355e-01
2.073422372341156006e-01
2.105171829462051392e-01
2.184448838233947754e-01
2.153929173946380615e-01
2.253421992063522339e-01
2.199082374572753906e-01
2.091671079397201538e-01
2.077534943819046021e-01
2.097572982311248779e-01
2.064162492752075195e-01
1.994720101356506348e-01
2.073689699172973633e-01
2.029000967741012573e-01
2.032159417867660522e-01
2.420355975627899170e-01
2.075545638799667358e-01
2.037654519081115723e-01
2.143982797861099243e-01
2.611241340637207031e-01
2.105599343776702881e-01
2.035025954246520996e-01
2.128281742334365845e-01
2.493881881237030029e-01
2.360735088586807251e-01
2.062044739723205566e-01
2.018631100654602051e-01
2.135338783264160156e-01
2.205318361520767212e-01
2.816680371761322021e-01
2.353272438049316406e-01
2.043674290180206299e-01
2.050856798887252808e-01
1.987061798572540283e-01
2.095562964677810669e-01
2.243204712867736816e-01
1.997222453355789185e-01
1.997482180595397949e-01
2.030780464410781860e-01
2.020885795354843140e-01
2.129314988851547241e-01
2.078249156475067139e-01
2.185763567686080933e-01
2.016941457986831665e-01
2.063180357217788696e-01
2.063073515892028809e-01
2.273582369089126587e-01
2.231565564870834351e-01
2.521028220653533936e-01
2.011173516511917114e-01
2.135352790355682373e-01
2.278136909008026123e-01
2.164581716060638428e-01
2.055858373641967773e-01
2.071207612752914429e-01
2.098848372697830200e-01
2.037695348262786865e-01
2.034009397029876709e-01
2.154869884252548218e-01
2.027969658374786377e-01
2.119177132844924927e-01
2.103381603956222534e-01
2.014572918415069580e-01
2.202535420656204224e-01
2.188649624586105347e-01
2.080396115779876709e-01
2.139215320348739624e-01
1.998239904642105103e-01
1.994711011648178101e-01
2.121569365262985229e-01
2.089147716760635376e-01
2.077990919351577759e-01
2.057817280292510986e-01
2.331048250198364258e-01
2.031208872795104980e-01
2.550967037677764893e-01
1.967076659202575684e-01
2.698552608489990234e-01
2.076303660869598389e-01
2.054396569728851318e-01
2.149139344692230225e-01
2.453650981187820435e-01
2.228780537843704224e-01
2.064165323972702026e-01
2.203309237957000732e-01
2.153959572315216064e-01
2.081029266119003296e-01
2.237034291028976440e-01
2.155945599079132080e-01
2.108216136693954468e-01
2.077793031930923462e-01
2.170029729604721069e-01
2.010287195444107056e-01
2.401651442050933838e-01
2.148046344518661499e-01
2.142731398344039917e-01
2.103038728237152100e-01
2.006773501634597778e-01
2.325762063264846802e-01
2.410250455141067505e-01
1.972523331642150879e-01
2.449121177196502686e-01
2.011051923036575317e-01
2.072453349828720093e-01
1.964299082756042480e-01
2.290333211421966553e-01
2.020587772130966187e-01
1.995272785425186157e-01
1.962462365627288818e-01
1.957191824913024902e-01
2.215621620416641235e-01
2.046434432268142700e-01
1.985384225845336914e-01
2.029744088649749756e-01
2.120377868413925171e-01
2.125787883996963501e-01
2.454025000333786011e-01
2.221199423074722290e-01
2.769422233104705811e-01
2.119922339916229248e-01
2.065975069999694824e-01
2.009993642568588257e-01
2.090006321668624878e-01
2.228403538465499878e-01
2.015034407377243042e-01
2.058173567056655884e-01
2.242938876152038574e-01
2.195181250572204590e-01
2.190998494625091553e-01
2.093798667192459106e-01
2.510744035243988037e-01
2.252054065465927124e-01
2.003131806850433350e-01
2.068454772233963013e-01
2.090833187103271484e-01
2.162835150957107544e-01
2.131530791521072388e-01
2.333077639341354370e-01
1.998171359300613403e-01
2.046743184328079224e-01
2.535313069820404053e-01
2.134244292974472046e-01
2.006515115499496460e-01
1.994301676750183105e-01
2.107520550489425659e-01
2.149436026811599731e-01
2.119272798299789429e-01
2.001452893018722534e-01
2.063278555870056152e-01
2.277660667896270752e-01
2.374016195535659790e-01
2.093855738639831543e-01
2.252157181501388550e-01
2.126569896936416626e-01
2.086052745580673218e-01
2.017632871866226196e-01
2.099651992321014404e-01
2.147441357374191284e-01
2.128167003393173218e-01
2.306380867958068848e-01
2.028436958789825439e-01
2.057846188545227051e-01
2.052016109228134155e-01
2.035066932439804077e-01
2.102330029010772705e-01
2.000821381807327271e-01
2.037569582462310791e-01
2.041336894035339355e-01
2.073747217655181885e-01
2.241208255290985107e-01
2.070977389812469482e-01
1.982400864362716675e-01
2.029626667499542236e-01
2.132322043180465698e-01
2.123178541660308838e-01
1.979816406965255737e-01
2.076119929552078247e-01
2.075445204973220825e-01
2.182966768741607666e-01
2.076369673013687134e-01
1.932687312364578247e-01
2.172110825777053833e-01
1.976381242275238037e-01
2.092762291431427002e-01
2.077144682407379150e-01
3.800348341464996338e-01
1.961368769407272339e-01
2.303210347890853882e-01
2.006087303161621094e-01
1.977572143077850342e-01
2.101005613803863525e-01
2.051220089197158813e-01
2.033461332321166992e-01
2.131267935037612915e-01
2.102369815111160278e-01
2.570730149745941162e-01
1.920904219150543213e-01
2.097277343273162842e-01
2.161222398281097412e-01
2.159718871116638184e-01
2.097291648387908936e-01
2.036765068769454956e-01
1.997705996036529541e-01
2.222851812839508057e-01
2.119888663291931152e-01
2.060795575380325317e-01
2.124525755643844604e-01
2.089116275310516357e-01
1.992516517639160156e-01
2.029218375682830811e-01
2.155212759971618652e-01
1.994304656982421875e-01
2.065657675266265869e-01
1.986368745565414429e-01
2.017686069011688232e-01
2.493537664413452148e-01
2.250920981168746948e-01
2.050853967666625977e-01
2.065334469079971313e-01
2.046201378107070923e-01
2.034097313880920410e-01
2.010592520236968994e-01
2.171814441680908203e-01
2.033091932535171509e-01
2.083382308483123779e-01
2.075850069522857666e-01
2.104721516370773315e-01
2.012850195169448853e-01
2.059155106544494629e-01
2.029650062322616577e-01
2.148082405328750610e-01
2.008171975612640381e-01
2.198269069194793701e-01
2.021053880453109741e-01
1.981763243675231934e-01
2.005935758352279663e-01
1.966188549995422363e-01
2.034431248903274536e-01
1.935001909732818604e-01
2.130831629037857056e-01
2.054419815540313721e-01
2.089866548776626587e-01
2.000469863414764404e-01
2.043213397264480591e-01
1.907446235418319702e-01
2.140688747167587280e-01
1.978271305561065674e-01
2.078816890716552734e-01
2.101212739944458008e-01
1.988114267587661743e-01
2.210671454668045044e-01
2.380960732698440552e-01
1.931987106800079346e-01
2.119849324226379395e-01
2.090548127889633179e-01
2.007034868001937866e-01
2.061489671468734741e-01
2.029917389154434204e-01
1.999686062335968018e-01
2.029923200607299805e-01
2.247184216976165771e-01
2.051318883895874023e-01
2.035661488771438599e-01
2.104798108339309692e-01
2.172055840492248535e-01
2.125644832849502563e-01
2.112455517053604126e-01
2.621552050113677979e-01
1.981134563684463501e-01
2.039417624473571777e-01
2.018820047378540039e-01
2.032716721296310425e-01
2.227523326873779297e-01
2.046751827001571655e-01
2.147399634122848511e-01
2.065296918153762817e-01
2.121459841728210449e-01
2.107249051332473755e-01
2.032159417867660522e-01
2.020555436611175537e-01
2.064052671194076538e-01
2.174466699361801147e-01
2.082752734422683716e-01
2.139460444450378418e-01
2.113877236843109131e-01
2.106700241565704346e-01
2.207363396883010864e-01
2.189147919416427612e-01
2.097842842340469360e-01
2.153810262680053711e-01
2.143290489912033081e-01
2.079708427190780640e-01
2.028389871120452881e-01
2.662619650363922119e-01
2.090254426002502441e-01
2.051696628332138062e-01
2.311417460441589355e-01
2.049999237060546875e-01
2.127259373664855957e-01
2.176672220230102539e-01
2.039037644863128662e-01
2.111911028623580933e-01
2.232302576303482056e-01
2.164829522371292114e-01
2.213374078273773193e-01
2.232035547494888306e-01
2.191515415906906128e-01
2.154050916433334351e-01
2.100128829479217529e-01
2.156998664140701294e-01
2.289028912782669067e-01
2.030155211687088013e-01
2.184923589229583740e-01
2.034876644611358643e-01
2.546446323394775391e-01
2.066416442394256592e-01
2.171457558870315552e-01
2.112534642219543457e-01
2.062871307134628296e-01
2.438267022371292114e-01
2.247783541679382324e-01
2.347977906465530396e-01
2.095625549554824829e-01
2.306587547063827515e-01
2.200561761856079102e-01
2.252239286899566650e-01
2.179701328277587891e-01
2.193190157413482666e-01
2.235291153192520142e-01
2.902110219001770020e-01
2.182404100894927979e-01
2.251244038343429565e-01
2.251529842615127563e-01
2.302112728357315063e-01
2.105200141668319702e-01
2.236599922180175781e-01
2.306990623474121094e-01
2.150966227054595947e-01
2.242255806922912598e-01
2.133772373199462891e-01
2.186946868896484375e-01
2.209617048501968384e-01
2.168628424406051636e-01
2.048448920249938965e-01
2.210315465927124023e-01
2.111538350582122803e-01
2.106354981660842896e-01
2.159105986356735229e-01
2.190476208925247192e-01
2.099322676658630371e-01
2.426531910896301270e-01
2.190310209989547729e-01
2.821534872055053711e-01
2.062446475028991699e-01
2.100605517625808716e-01
2.217269986867904663e-01
2.487906813621520996e-01
2.202492207288742065e-01
2.209239304065704346e-01
2.159473150968551636e-01
2.325054556131362915e-01
2.158611863851547241e-01
2.224966436624526978e-01
2.162306010723114014e-01
2.403621226549148560e-01
2.171973586082458496e-01
2.051408886909484863e-01
2.152520269155502319e-01
2.311559170484542847e-01
2.232334613800048828e-01
2.182049155235290527e-01
2.087712138891220093e-01
2.425536811351776123e-01
2.297727763652801514e-01
2.025352120399475098e-01
2.283387184143066406e-01
2.192526906728744507e-01
2.080419063568115234e-01
2.251140773296356201e-01
2.144166380167007446e-01
2.103452533483505249e-01
2.239721119403839111e-01
2.056275755167007446e-01
2.236125618219375610e-01
2.203620374202728271e-01
2.031126767396926880e-01
2.109948545694351196e-01
2.140677571296691895e-01
2.031261771917343140e-01
2.321298569440841675e-01
2.955979406833648682e-01
2.311009913682937622e-01
2.286373972892761230e-01
2.193086892366409302e-01
2.277809828519821167e-01
2.350941151380538940e-01
2.555061876773834229e-01
2.250852137804031372e-01
2.471595555543899536e-01
2.359510213136672974e-01
2.338354885578155518e-01
2.588452696800231934e-01
2.124393880367279053e-01
2.276131808757781982e-01
2.244275212287902832e-01
2.527064085006713867e-01
2.261630445718765259e-01
2.256329655647277832e-01
2.273220568895339966e-01
2.230862975120544434e-01
2.460787296295166016e-01
2.121754735708236694e-01
2.122782766819000244e-01
2.240567207336425781e-01
2.239420413970947266e-01
2.686585485935211182e-01
2.427808791399002075e-01
2.292863875627517700e-01
2.281023561954498291e-01
2.263672053813934326e-01
2.162562310695648193e-01
2.404781430959701538e-01
2.316314280033111572e-01
2.301395386457443237e-01
2.289976626634597778e-01
2.284214496612548828e-01
2.303176671266555786e-01
2.697706520557403564e-01
2.184795290231704712e-01
2.247820645570755005e-01
2.689902484416961670e-01
2.599030435085296631e-01
2.715473771095275879e-01
2.589573860168457031e-01
2.500336170196533203e-01
2.814802825450897217e-01
2.124239504337310791e-01
2.393086254596710205e-01
2.222693562507629395e-01
2.201828956604003906e-01
2.300786674022674561e-01
2.203982770442962646e-01
2.123669832944869995e-01
2.321909517049789429e-01
2.496595382690429688e-01
2.194659858942031860e-01
2.217151820659637451e-01
2.136890292167663574e-01
2.162352800369262695e-01
2.173778563737869263e-01
2.250873297452926636e-01
2.132137566804885864e-01
2.171004563570022583e-01
2.193934619426727295e-01
2.087178230285644531e-01
2.168493866920471191e-01
2.225287854671478271e-01
2.198626995086669922e-01
2.168949991464614868e-01
2.050790041685104370e-01
2.094140350818634033e-01
2.141846716403961182e-01
2.095617055892944336e-01
2.090619355440139771e-01
2.790701389312744141e-01
2.532584369182586670e-01
2.103594243526458740e-01
2.101334631443023682e-01
2.148506790399551392e-01
2.341956347227096558e-01
2.104690372943878174e-01
2.161186486482620239e-01
2.280804067850112915e-01
2.163187861442565918e-01
2.106575667858123779e-01
2.390958219766616821e-01
2.144255340099334717e-01
2.319983392953872681e-01
2.300750464200973511e-01
2.106793522834777832e-01
2.194488793611526489e-01
2.217799574136734009e-01
2.187069505453109741e-01
2.171210497617721558e-01
2.114697545766830444e-01
2.212576866149902344e-01
2.285409271717071533e-01
2.071081101894378662e-01
2.267447412014007568e-01
2.226318866014480591e-01
2.169911712408065796e-01
2.196828871965408325e-01
2.088588476181030273e-01
2.088428586721420288e-01
2.278843224048614502e-01
2.139945179224014282e-01
2.130053788423538208e-01
2.097268849611282349e-01
2.316082715988159180e-01
2.195165008306503296e-01
2.113211601972579956e-01
2.438249886035919189e-01
2.089646905660629272e-01
2.217864096164703369e-01
2.376084178686141968e-01
2.336450070142745972e-01
2.177832871675491333e-01
2.177906781435012817e-01
2.280498296022415161e-01
2.233380973339080811e-01
2.319703400135040283e-01
2.351014614105224609e-01
2.148517966270446777e-01
2.282214760780334473e-01
2.275702357292175293e-01
2.125902771949768066e-01
2.121013104915618896e-01
2.095702290534973145e-01
2.196796238422393799e-01
2.095170468091964722e-01
2.153823971748352051e-01
2.094257026910781860e-01
2.040656358003616333e-01
2.098857015371322632e-01
2.251561731100082397e-01
2.196999788284301758e-01
2.066978812217712402e-01
2.183127850294113159e-01
2.145011276006698608e-01
2.291618436574935913e-01
2.161564379930496216e-01
2.090049088001251221e-01
2.030181586742401123e-01
1.972686499357223511e-01
2.073367834091186523e-01
2.054370492696762085e-01
2.338551133871078491e-01
1.996428519487380981e-01
2.064705193042755127e-01
2.085269689559936523e-01
2.187450975179672241e-01
2.117035686969757080e-01
2.311053723096847534e-01
2.163714170455932617e-01
2.353553622961044312e-01
2.683290839195251465e-01
2.306150794029235840e-01
2.667216062545776367e-01
2.146091908216476440e-01
2.103970944881439209e-01
2.091069817543029785e-01
2.141532152891159058e-01
2.035327702760696411e-01
2.064965069293975830e-01
2.117972970008850098e-01
2.227994203567504883e-01
1.966143101453781128e-01
2.249487936496734619e-01
2.065080404281616211e-01
2.128441482782363892e-01
2.120467722415924072e-01
2.208189517259597778e-01
2.103319317102432251e-01
2.088280171155929565e-01
2.109072655439376831e-01
2.081292718648910522e-01
2.589327394962310791e-01
2.273453921079635620e-01
2.132461816072463989e-01
1.982235461473464966e-01
2.218753397464752197e-01
2.734619081020355225e-01
2.357708364725112915e-01
2.292024195194244385e-01
2.079952061176300049e-01
2.239566743373870850e-01
2.271051108837127686e-01
2.118350118398666382e-01
2.137824445962905884e-01
2.163873910903930664e-01
2.140724956989288330e-01
2.222065925598144531e-01
2.200057953596115112e-01
2.133520841598510742e-01
2.106717228889465332e-01
2.367690801620483398e-01
2.139028608798980713e-01
2.087794989347457886e-01
3.802525997161865234e-01
2.136999070644378662e-01
2.158586978912353516e-01
2.097362577915191650e-01
3.616346418857574463e-01
2.656932175159454346e-01
2.160579711198806763e-01
2.109502106904983521e-01
1.795079559087753296e-01
1.815158873796463013e-01
2.431101351976394653e-01
2.121204137802124023e-01
2.030525058507919312e-01
2.584883272647857666e-01
2.059875726699829102e-01
2.076507508754730225e-01
2.209034264087677002e-01
2.139516174793243408e-01
2.297940552234649658e-01
2.203314751386642456e-01
1.962037235498428345e-01
2.127797305583953857e-01
2.728863060474395752e-01
2.598271071910858154e-01
3.109079003334045410e-01
2.580648362636566162e-01
2.849186956882476807e-01
2.893788516521453857e-01
2.614325582981109619e-01
2.595654726028442383e-01
3.017554283142089844e-01
2.788162827491760254e-01
2.752477526664733887e-01
2.621379196643829346e-01
2.517725527286529541e-01
2.395871728658676147e-01
2.600323557853698730e-01
2.673127055168151855e-01
2.476173341274261475e-01
2.760089337825775146e-01
2.501401603221893311e-01
2.534222006797790527e-01
2.370232045650482178e-01
2.213024049997329712e-01
2.216256409883499146e-01
2.481895685195922852e-01
4.744032323360443115e-01
4.596403539180755615e-01
2.051007896661758423e-01
2.131049782037734985e-01
2.171564698219299316e-01
2.231645584106445312e-01
2.148068547248840332e-01
2.103271186351776123e-01
2.203000932931900024e-01
2.322564125061035156e-01
2.295519113540649414e-01
2.153439372777938843e-01
2.363197952508926392e-01
4.454942345619201660e-01
4.705141484737396240e-01
2.195963114500045776e-01
2.089664041996002197e-01
4.417447745800018311e-01
2.205880433320999146e-01
2.132827937602996826e-01
2.283300906419754028e-01
2.104730010032653809e-01
4.600639343261718750e-01
4.515523314476013184e-01
2.248091101646423340e-01
4.602358341217041016e-01
2.227194160223007202e-01
2.551231086254119873e-01
2.361714541912078857e-01
2.343106567859649658e-01
2.519808113574981689e-01
2.287942916154861450e-01
2.378315627574920654e-01
2.185384482145309448e-01
2.481374442577362061e-01
3.202840387821197510e-01
2.173309624195098877e-01
2.204145044088363647e-01
4.596648812294006348e-01
2.192828655242919922e-01
2.578499615192413330e-01
2.653856873512268066e-01
2.228264361619949341e-01
2.175395786762237549e-01
2.271851450204849243e-01
2.239585369825363159e-01
2.212579548358917236e-01
2.197214066982269287e-01
2.218224108219146729e-01
1.997162848711013794e-01
2.384207844734191895e-01
2.475956678390502930e-01
2.400772720575332642e-01
2.374553382396697998e-01
1.265602231025695801e+00
2.356798052787780762e-01
2.267197668552398682e-01
2.589442431926727295e-01
2.322456240653991699e-01
2.179050445556640625e-01
4.624961614608764648e-01
2.227769494056701660e-01
4.665995538234710693e-01
2.139318287372589111e-01
3.974308073520660400e-01
4.672209918498992920e-01
2.078191787004470825e-01
4.598479270935058594e-01
2.201203554868698120e-01
2.301421314477920532e-01
4.680437445640563965e-01
4.703940451145172119e-01
2.389279901981353760e-01
2.067301720380783081e-01
2.179846316576004028e-01
2.209784239530563354e-01
2.288979440927505493e-01
2.243419885635375977e-01
2.214243710041046143e-01
2.098297476768493652e-01
2.107200920581817627e-01
2.118707448244094849e-01
2.206077724695205688e-01
4.546139538288116455e-01
2.179512679576873779e-01
4.505932629108428955e-01
2.218672782182693481e-01
2.244328409433364868e-01
2.053804695606231689e-01
2.048044502735137939e-01
2.213180214166641235e-01
2.150240093469619751e-01
2.131595164537429810e-01
2.416868954896926880e-01
2.293412387371063232e-01
2.313309460878372192e-01
2.113626152276992798e-01
2.106804847717285156e-01
2.182557135820388794e-01
2.178547084331512451e-01
2.442460656166076660e-01
2.298811823129653931e-01
2.393733710050582886e-01
4.473534524440765381e-01
4.597919285297393799e-01
2.240138947963714600e-01
2.303655296564102173e-01
2.416595071554183960e-01
2.267024219036102295e-01
2.406808137893676758e-01
2.478935122489929199e-01
2.454498559236526489e-01
4.556530117988586426e-01
2.299688011407852173e-01
2.231477349996566772e-01
2.552956938743591309e-01
4.454156756401062012e-01
2.358191162347793579e-01
4.729667603969573975e-01
2.509022057056427002e-01
2.266950607299804688e-01
2.239439040422439575e-01
2.563941478729248047e-01
2.590093910694122314e-01
4.480926990509033203e-01
2.030492722988128662e-01
2.324488013982772827e-01
2.202199846506118774e-01
2.524548768997192383e-01
2.220614403486251831e-01
2.078722268342971802e-01
2.275367081165313721e-01
2.192815095186233521e-01
2.167713046073913574e-01
2.071665227413177490e-01
2.066024094820022583e-01
2.250192612409591675e-01
2.061613947153091431e-01
2.041374742984771729e-01
1.990616172552108765e-01
2.236570715904235840e-01
2.066866308450698853e-01
2.004586309194564819e-01
2.029024511575698853e-01
2.371999323368072510e-01
2.172766476869583130e-01
2.165336012840270996e-01
2.244535535573959351e-01
2.294971197843551636e-01
1.947924047708511353e-01
2.050016671419143677e-01
2.140627503395080566e-01
1.930576562881469727e-01
2.120954096317291260e-01
2.108303755521774292e-01
2.207517325878143311e-01
2.023285180330276489e-01
2.143568545579910278e-01
2.268785089254379272e-01
2.131804823875427246e-01
2.095892876386642456e-01
1.977415531873703003e-01
2.071262300014495850e-01
2.173526287078857422e-01
2.061943560838699341e-01
2.016406506299972534e-01
2.356173396110534668e-01
2.086812555789947510e-01
2.115838825702667236e-01
2.138365358114242554e-01
1.921270340681076050e-01
2.278217971324920654e-01
2.121757566928863525e-01
2.048318088054656982e-01
2.083868533372879028e-01
2.112836539745330811e-01
2.220880091190338135e-01
2.173131406307220459e-01
2.502809464931488037e-01
2.100716233253479004e-01
2.377057224512100220e-01
2.178060114383697510e-01
2.164499014616012573e-01
1.991975009441375732e-01
2.088160365819931030e-01
2.048995941877365112e-01
2.092332094907760620e-01
2.091235071420669556e-01
2.149255722761154175e-01
2.267342209815979004e-01
2.177550941705703735e-01
2.073270082473754883e-01
2.094510346651077271e-01
2.153267711400985718e-01
2.084160298109054565e-01
2.175981998443603516e-01
2.071693986654281616e-01
2.272533476352691650e-01
1.937107741832733154e-01
2.095144838094711304e-01
2.030583769083023071e-01
2.037677913904190063e-01
2.073922455310821533e-01
1.947262883186340332e-01
2.121386826038360596e-01
2.110199928283691406e-01
1.973921805620193481e-01
2.032068520784378052e-01
2.097615599632263184e-01
2.138800024986267090e-01
2.315835654735565186e-01
2.272743284702301025e-01
2.269407659769058228e-01
2.198868244886398315e-01
2.267481535673141479e-01
2.071791738271713257e-01
2.186379879713058472e-01
2.147371917963027954e-01
2.245897352695465088e-01
2.154145091772079468e-01
2.214329838752746582e-01
2.247908115386962891e-01
3.643389642238616943e-01
3.183488845825195312e-01
3.173863887786865234e-01
3.193829655647277832e-01
3.172295391559600830e-01
3.232938051223754883e-01
3.210258781909942627e-01
3.111822903156280518e-01
3.157785236835479736e-01
3.217971622943878174e-01
3.206179141998291016e-01
3.258023560047149658e-01
3.098120391368865967e-01
3.217701315879821777e-01
3.101973533630371094e-01
3.125537931919097900e-01
3.301303088665008545e-01
3.192935585975646973e-01
3.155107498168945312e-01
3.197174072265625000e-01
3.352919220924377441e-01
3.196601867675781250e-01
3.446260988712310791e-01
3.292178213596343994e-01
3.081118464469909668e-01
3.150059282779693604e-01
3.225590288639068604e-01
3.160264492034912109e-01
3.201207816600799561e-01
3.230466544628143311e-01
3.209252357482910156e-01
3.108564913272857666e-01
3.118051290512084961e-01
3.165194392204284668e-01
3.101769983768463135e-01
3.164499402046203613e-01
3.161290287971496582e-01
3.132545948028564453e-01
3.065000474452972412e-01
3.170752227306365967e-01
3.213057518005371094e-01
3.132595419883728027e-01
3.177827596664428711e-01
3.165013790130615234e-01
3.325521647930145264e-01
3.107928335666656494e-01
3.128808438777923584e-01
3.312836289405822754e-01
