0.05164
-0.31854
-0.04499
-0.06907
0.00475
-0.18959
-0.28613
-0.13246
0.14530
-0.01651
-0.25289
-0.03685
-0.20505
-0.10733
-0.08786
-0.15202
0.01374
-0.08579
-0.27363
-0.05843
-0.13442
-0.19261
-0.09054
-0.18451
-0.07445
0.00823
-0.03198
-0.27688
-0.04864
-0.31426
0.05252
-0.13030
-0.10054
0.03640
0.01983
-0.15573
-0.25005
-0.09808
-0.03486
-0.07344
0.03027
-0.20349
-0.05492
0.07822
-0.12114
-0.15381
-0.12631
0.05421
-0.05807
-0.10763
-0.05064
-0.17422
0.02062
-0.03974
-0.10284
-0.04402
0.04125
-0.07358
0.22585
0.07139
-0.07816
-0.08855
-0.18382
0.04790
-0.07872
0.00898
-0.04461
0.01871
0.16698
-0.02244
-0.11830
-0.11194
-0.14975
-0.09528
-0.09874
-0.16678
0.00407
-0.22517
-0.05076
-0.04578
-0.05799
-0.05028
-0.06995
-0.11059
0.16828
-0.03551
-0.10451
-0.07141
-0.22105
-0.06800
-0.04452
-0.24803
-0.03098
-0.05124
-0.04852
-0.05719
-0.03697
-0.04845
-0.08810
0.00639
-0.15772
0.02539
-0.07798
0.03638
-0.11374
-0.04701
-0.02547
-0.07475
0.03304
-0.00195
-0.03228
0.02239
-0.12125
-0.02315
0.02050
-0.02675
0.05656
0.11370
-0.12418
0.07001
-0.07666
-0.20839
-0.17449
-0.11617
-0.03948
-0.04341
0.06111
0.14221
0.08483
-0.13964
-0.07857
0.16015
0.02091
-0.10490
0.03498
-0.21372
0.01992
-0.21573
-0.15866
0.01240
0.06451
-0.14382
0.00338
-0.03253
-0.15380
-0.16966
-0.04797
0.04777
-0.06612
0.00206
0.00971
-0.19783
-0.04714
-0.13036
-0.18431
-0.12742
0.05506
-0.02616
-0.21754
-0.05001
-0.08631
-0.08548
-0.12282
-0.17946
-0.08963
-0.23408
0.12991
-0.05569
-0.04703
0.04758
-0.09100
-0.01118
-0.11946
-0.17153
0.05425
0.06438
-0.00562
-0.11162
0.01974
-0.28539
-0.00928
-0.12206
-0.05503
-0.29742
-0.03133
-0.00485
-0.22838
0.02372
-0.11245
-0.05728
-0.11483
-0.04726
-0.07353
-0.03931
-0.14767
0.00598
-0.27615
-0.15050
-0.15597
-0.08410
0.08561
0.01283
0.00373
-0.15558
-0.15640
-0.17205
0.11365
-0.10649
-0.05033
-0.23049
0.03450
-0.14431
0.08623
-0.06648
-0.26083
-0.08126
-0.15138
0.06310
-0.21362
-0.18060
-0.15994
-0.08957
0.02387
-0.03330
-0.13220
-0.39667
0.01230
-0.31969
0.12197
-0.07672
-0.02580
-0.11877
0.10816
-0.05905
-0.14581
-0.00299
0.03049
0.02578
-0.02736
0.00118
-0.11340
-0.02597
-0.00106
0.02249
-0.10485
-0.13607
0.01019
0.12951
0.05246
0.01838
0.02623
-0.08322
-0.20619
-0.16350
-0.01909
-0.00384
-0.04698
-0.07820
-0.09742
0.03946
-0.15815
0.12372
-0.13130
-0.13406
0.05873
0.05792
-0.28467
-0.06734
-0.05158
-0.05219
0.08717
-0.11565
-0.18346
-0.17527
-0.10458
-0.07020
-0.11880
-0.13703
-0.08142
0.11440
-0.05785
0.00591
0.06350
0.04762
-0.04981
0.10395
0.01949
-0.05725
-0.08937
-0.09012
-0.15221
-0.02068
0.09401
-0.08375
-0.14050
-0.11014
-0.11041
0.13965
-0.08376
-0.15919
0.08919
0.03474
-0.11536
0.01558
-0.15605
-0.13346
0.12960
0.01838
-0.12605
-0.09696
-0.10738
-0.26020
0.02274
-0.04804
-0.05395
-0.16084
-0.03066
0.02053
0.00702
0.04347
-0.01340
-0.12890
-0.15641
-0.03216
-0.02167
0.01277
0.12696
0.09400
-0.02656
0.04121
0.22448
0.00755
-0.10533
-0.16625
-0.08099
-0.03439
-0.09854
-0.08260
-0.17953
0.02700
-0.00821
-0.13439
-0.23569
-0.03052
-0.02080
-0.10951
-0.06121
-0.13264
-0.02399
-0.01568
-0.11811
-0.02001
-0.09852
0.06125
-0.10670
0.00703
-0.09668
-0.16495
-0.17738
0.07703
-0.16172
-0.15289
-0.14820
-0.24604
-0.15001
-0.02783
-0.00424
-0.03413
-0.09994
-0.17559
-0.15523
-0.07600
-0.16750
-0.10919
-0.23919
0.00714
-0.10474
-0.04471
-0.12759
-0.09309
-0.08308
-0.05161
0.00096
-0.11038
-0.07919
0.06639
0.00034
-0.01687
-0.01263
0.00175
-0.22549
-0.06525
-0.16545
0.01168
-0.05205
-0.09393
-0.23990
-0.15093
0.04544
0.10194
-0.05899
0.17099
0.04917
0.17664
0.09937
-0.18395
-0.12953
-0.16031
-0.29393
-0.03908
-0.27775
-0.24894
-0.16584
-0.07792
-0.08989
0.01600
-0.07209
-0.17645
-0.21039
-0.11445
-0.11892
-0.21819
-0.17694
0.02634
0.15257
0.07782
0.26509
0.05010
0.15592
0.12971
0.04608
0.01440
0.04988
0.13247
-0.04218
-0.14273
-0.03827
0.03432
0.05125
-0.13417
-0.08000
0.07849
0.02398
0.11016
0.03183
-0.11791
-0.05044
-0.09789
0.04658
0.06225
-0.09183
-0.07304
-0.13739
-0.04335
-0.06614
-0.21446
-0.11154
-0.14466
-0.09259
-0.12792
-0.12133
-0.01687
0.05245
-0.05895
-0.17048
-0.11199
-0.10360
-0.20602
-0.05398
-0.19892
-0.15073
-0.16427
-0.07084
-0.09969
-0.12348
-0.10305
-0.22264
-0.18818
-0.30694
-0.07020
-0.13062
0.03859
-0.02974
-0.10615
-0.10619
-0.08459
-0.00389
0.05222
-0.00029
0.09269
-0.02458
0.12190
0.19945
0.07563
-0.03708
-0.00454
-0.15260
-0.14122
0.01994
-0.10445
-0.22078
-0.04880
-0.04637
-0.02063
-0.18142
-0.02517
-0.05745
0.12149
-0.14318
0.13786
0.01297
-0.03851
-0.04695
0.18954
0.03970
-0.17491
-0.13548
0.00153
-0.10718
-0.17591
-0.03637
0.06577
0.02316
0.06195
0.07307
-0.06088
-0.10322
0.09609
-0.08092
0.03896
0.00447
-0.13801
-0.11405
-0.04049
0.03419
0.01783
0.09426
-0.02752
-0.17312
-0.27808
-0.05822
0.08893
-0.08089
-0.12976
-0.05702
-0.06824
-0.25020
0.02237
-0.12883
-0.07005
-0.24079
-0.09646
0.04764
-0.11973
0.02426
-0.04591
-0.06756
0.13658
-0.07424
-0.06256
-0.07179
-0.24660
0.06785
0.21676
0.10666
-0.11395
0.14546
0.14003
-0.06820
0.08526
-0.10243
-0.26446
-0.01485
-0.08484
0.09910
0.02537
0.09811
-0.04875
-0.17825
-0.05516
0.04507
-0.09521
0.01794
-0.09368
-0.11040
0.05877
0.05759
-0.15750
-0.04453
0.07906
-0.13648
0.00447
-0.18292
-0.17112
-0.21446
0.02356
-0.29406
-0.00832
-0.11652
-0.09299
0.02858
-0.12991
-0.11001
-0.04520
-0.10880
0.23382
0.12634
-0.01720
-0.00676
-0.15161
0.02112
-0.01428
0.00993
-0.20066
-0.08100
-0.05970
0.10555
-0.22054
0.05915
-0.05696
-0.09596
-0.18649
-0.12808
-0.20136
-0.04137
-0.01873
-0.02524
-0.02204
-0.17949
-0.19370
-0.17337
-0.17124
0.02039
-0.23373
-0.19062
-0.07277
-0.14927
0.10424
-0.13540
-0.15741
-0.20518
0.01820
-0.13942
-0.16939
-0.09605
-0.15937
-0.05951
0.01103
-0.18274
-0.14603
0.05893
-0.04914
-0.03171
-0.03278
0.00122
-0.19638
-0.07895
-0.13498
-0.17774
-0.08309
-0.20503
-0.00254
-0.02560
0.15334
-0.04977
-0.02209
0.05895
-0.06453
0.10801
0.27711
0.00920
-0.16903
-0.13012
-0.12208
-0.00425
-0.04542
-0.21381
-0.05419
-0.04774
0.02419
0.13526
-0.15280
0.21641
0.01027
-0.13278
0.13297
-0.08597
-0.18958
0.03627
0.91721
0.48629
0.27668
-0.16262
-0.10239
-0.11377
0.14312
-0.23955
-0.21447
0.33868
-0.16722
-0.01363
0.09268
-0.03481
0.11465
0.01878
0.13416
0.19650
0.03707
0.15975
0.19689
0.15105
0.13388
0.17249
0.26046
0.11035
0.13302
0.04821
0.21723
-0.03127
-0.02154
-0.18625
-0.05001
0.14475
0.00472
0.04216
-0.02543
0.21136
0.04472
0.11179
0.01724
0.28057
0.65113
0.52002
0.52193
0.38944
0.55703
0.44050
0.35257
0.45047
0.43060
0.30668
0.55183
0.52978
0.40576
0.60773
0.65906
0.28438
0.48544
0.58871
0.40818
0.42675
0.41840
0.50561
0.71462
0.57236
0.46947
0.73665
0.48549
0.59519
0.54655
0.76866
0.49531
0.48105
0.47223
0.67255
0.56262
0.71012
0.58678
0.38604
0.80301
0.56567
0.71394
0.68189
0.32767
0.43356
0.40804
0.38050
0.55002
0.42956
0.39320
0.42019
0.42815
0.55567
0.42364
0.61352
1.45647
0.54967
0.49987
0.74336
0.48444
0.26240
0.43737
0.42230
0.63381
0.42541
0.64814
0.53386
0.49754
0.42472
0.39920
0.40546
0.46591
0.60145
0.49451
0.41817
0.45086
0.27961
0.42136
0.37928
0.49076
0.46270
0.53107
0.39730
0.41150
0.57571
0.52934
0.64204
0.33957
0.38858
0.36709
0.39307
0.38225
0.42396
0.34266
0.47783
0.53746
0.51271
0.29703
0.36582
0.50372
0.32724
0.33826
0.40461
0.55911
0.68394
0.76688
0.42622
0.63049
0.63319
0.66473
0.49693
0.55483
0.56807
0.69913
0.45062
0.40565
0.47356
0.62775
0.44415
0.55335
0.45169
0.74312
0.46099
0.51571
0.48829
0.55909
0.53922
0.30247
0.45880
0.54419
0.50162
-0.03859
0.24952
-0.08873
-0.05999
0.04622
0.25151
0.44947
-0.03079
0.20312
-0.05308
0.34699
-0.05961
0.01315
0.09604
0.34831
0.00225
-0.14149
0.17094
0.04264
-0.05090
-0.09719
0.17551
0.18303
0.11596
-0.11383
-0.03366
0.08950
-0.03778
0.14483
0.05231
0.10112
-0.12516
0.03538
0.12067
0.03326
0.04304
0.36733
-0.07161
0.17807
0.02222
-0.03915
0.38256
0.04974
-0.04322
-0.02018
0.02598
0.05156
0.18974
-0.15870
-0.08071
0.12314
0.29599
0.05363
-0.01947
-0.05316
0.05863
0.07790
0.00967
0.03219
0.28191
0.06293
0.18150
0.29033
-0.00449
0.12989
-0.00172
-0.06942
0.08501
0.05339
-0.07663
0.00484
0.12036
-0.08406
0.12052
-0.01438
0.07627
0.05570
0.01274
-0.01672
0.03864
0.39436
0.33406
0.28880
0.12267
0.08358
0.46800
0.34707
0.58083
0.32384
0.22286
0.32823
0.33160
0.65451
0.67744
0.64491
0.69405
0.64173
0.75149
0.60194
0.60195
0.72692
0.71150
0.68473
0.69257
0.67965
0.67243
0.62386
0.73457
0.76455
0.66744
0.55753
0.51503
0.48938
0.60918
0.58281
0.50099
0.59845
0.65953
0.69299
0.60156
0.67380
0.66596
0.59940
0.58023
0.69214
0.66648
0.57386
0.61658
0.68123
0.71954
0.59041
0.67639
0.74948
0.73979
0.59924
0.53643
0.50147
0.64278
0.60690
0.44688
