0.8367242541
0.5976358226
0.3823615039
0.7634233461
0.7461168351
0.5427044403
0.5416507026
0.8989978885
0.9249175012
0.5559762670
0.5704546965
0.9899574265
0.9539506040
0.7509956700
0.4963766766
0.7570322632
0.5026870503
0.6077906547
0.9808577806
0.5498694846
0.8442233454
0.9213706883
0.4860813583
0.6898530829
0.4075955666
0.7182189463
0.7672672191
0.6245232057
0.6749565356
0.6435442518
0.9927601519
0.7791780411
0.3297773158
0.9568105488
0.8978659028
0.9086154972
0.7401746501
0.9967597972
0.7869617690
0.6351010171
0.8344441691
0.7104877057
0.4251442152
0.7756401243
0.8598649616
0.7257932230
0.8071561327
0.8546452275
0.7239903386
0.6223917827
0.9344196884
0.6653288723
0.9387200675
0.7484168049
0.7411235941
0.7529406705
0.6736009146
0.6569013955
0.1554409494
0.8343714410
0.4632201195
0.8368582603
0.7905431723
0.8888895005
0.9720931769
0.8456859517
0.7933354341
0.9597691917
0.8406564861
0.5786659429
0.9610193296
0.6737330604
0.6836456684
0.6561997923
0.7773151249
0.9806443282
0.7558938911
0.8164243239
0.2894369297
0.4498855716
0.7199682345
0.7323604358
0.6770801677
0.5876291320
0.8947152107
0.9977808614
0.4884580029
0.5940737822
0.9632928947
0.4837620609
0.6691646812
0.8468182646
0.4886572851
0.9946662704
0.8436425846
0.5432460016
0.9618594748
0.9174910020
0.6994369102
0.4576902567
0.4028099188
0.8962669450
0.5343586362
0.5578321420
0.3950174565
0.5365046650
0.7355065089
0.8423744741
0.9956978409
0.8800085591
0.9766986359
0.8601073964
0.9071176725
0.8139913546
0.6316534926
0.7539565410
0.4887098726
0.5667732671
0.9025247408
0.8332468982
0.7830557902
0.9929254855
0.7464893476
0.9912046405
0.8705790681
0.9414717950
0.1068615438
0.8893239055
0.8730410161
0.5750602744
0.4127986508
0.5443195795
0.8246811932
0.9007207361
0.8951586965
0.9899192809
0.6827043101
0.9806860428
0.8972481562
0.6978283193
0.6355967467
0.6992134746
0.9771160455
0.8882457952
0.8510338581
0.5377630913
0.8613893755
0.7427073496
0.9281193681
0.4318845751
0.9712520496
0.7086595123
0.9368542993
0.9639208179
0.3979784309
0.7008713958
0.9519603139
0.7354041962
0.7635568995
0.5417115092
0.8049034915
0.8620261810
0.5886510197
0.5385992208
0.7544730723
0.7677450227
0.4573166984
0.7224861398
0.9410941720
0.6569322833
0.8004738406
0.9472866638
0.7877216704
0.7422494703
0.8722644609
0.5692164633
0.6597404514
0.6698879582
0.7630637698
0.8423103965
0.9428613641
0.6416841906
0.4821514401
0.8906342295
0.5569923555
0.9807924436
0.6430031074
0.8652520932
0.5980816447
0.6866479762
0.7612013302
0.6028157001
0.6408327399
0.6646046965
0.8191853313
0.9949744600
0.7630948546
0.5359103113
0.9329283551
0.7048024050
0.9235809952
0.5528825302
0.8683059158
0.9893664794
0.9298463929
0.7859983089
0.9758882797
0.9263824024
0.9569040032
0.9071654263
0.6091752049
0.8084063582
0.6382468959
0.6026969975
0.9404037571
0.9234987122
0.7317197586
0.9413731561
0.4721308722
0.8878233216
0.9088806661
0.8105614499
0.8808441148
0.7662564662
0.8706877694
0.3048103705
0.7890996362
0.6504557274
0.6660440199
0.9006792068
0.7893683524
0.5190747626
0.8548453603
0.8448394376
0.8841727981
0.8400936653
0.9802931134
0.6843432307
0.9745815117
0.8325370123
0.8481424512
0.9504455923
0.8199530044
0.9981916291
0.8140364152
0.6475633387
0.7189377565
0.5164770593
0.9950341215
0.5775502505
0.9724532941
0.8548370843
0.7646137167
0.7565820668
0.7687520230
0.5739233411
0.4444987985
0.9527116833
0.9647274028
0.9453909581
0.8038828972
0.9427032819
0.6923887623
0.8479580889
0.5010163444
0.4444772529
0.3662635756
0.3671660613
0.9642459017
0.7493545668
0.8790907804
0.8089019212
0.5002350483
0.7194496665
0.9518339351
0.6216677346
0.5914421073
0.7543665342
0.8057386253
0.9194026339
0.9267041465
0.9293488523
0.7917109420
0.5997551003
0.7449860738
0.8615976062
0.8296641474
0.8857403800
0.3024205459
0.9744320732
0.6831433150
0.4959584545
0.9010406684
0.3533693296
0.9587201244
0.6440401132
0.8742143269
0.8465511777
0.9766921097
0.8512702776
0.9011372693
0.5105046145
0.7577553733
0.6588364678
0.7977706243
0.6465316434
0.9723269890
0.7131941700
0.9810385532
0.3539182522
0.6579825529
0.7613503024
0.4178226072
0.6800984854
0.8184716355
0.8430219024
0.7613210830
0.6096509859
0.9170693541
0.8842441239
0.7457842732
0.6732309928
0.7280589861
0.7200906657
0.5730048154
0.3035784084
0.9977853049
0.7330359813
0.5499954972
0.9693657576
0.9662794747
0.7248307251
0.6295069669
0.7423674919
0.4920513756
0.9523927814
0.7028947455
0.8112900092
0.9181057172
0.7577040936
0.5614459698
0.8756613962
0.4138310054
0.5402724444
0.9682544325
0.9301727460
0.7844439591
0.6062797986
0.5323098754
0.6136541712
0.9396681497
0.6242581078
0.7642300182
0.8319553268
0.9918916703
0.7349040964
0.8459473081
0.7674954526
0.7819095145
0.6869600949
0.7973523426
0.9764315606
0.9096763791
0.4961043280
0.9923419470
0.7290967027
0.9271900280
0.8415168355
0.4562463443
0.8229281345
0.8747019541
0.5571195986
0.5022366894
0.7495379337
0.6058652256
0.7833835650
0.5887209510
0.8829465407
0.9196733309
0.9683976312
0.9695084777
0.6329268101
0.8773207806
0.9274244950
0.9320710375
0.9083780556
0.6997284015
0.5637768419
0.6300955806
0.9531547646
0.3980039942
0.7878255883
0.9337758973
0.5576388208
0.9819321271
0.8325742123
0.4096360182
0.7509128632
0.6394637756
0.6753360951
0.4739964442
0.9547172169
0.4305600521
0.7388457325
0.9770154862
0.7786198730
0.8264914717
0.4556139972
0.4377837432
0.7007412900
0.7659284236
0.5019926325
0.9474962450
0.9796820119
0.6428189467
0.9427430361
0.8300425118
0.9026501563
0.7064976591
0.9442306808
0.9507209877
0.8137561463
0.8635164899
0.9350554735
0.2760698034
0.5389462462
0.6479370171
0.5463941784
0.9787312492
0.6457038025
0.8932907711
0.6679875010
0.6761437174
0.8827819389
0.7359019430
0.5455816815
0.8759206403
0.5198326211
0.5336693522
0.8360963899
0.7880532134
0.6193927943
0.4455246615
0.4470790099
0.6926635191
0.6928292754
0.9897609464
0.7029473832
0.9892537194
0.8790026502
0.6361159583
0.6056648420
0.8163537815
0.8990607308
0.7598326048
0.4424595036
0.5672314679
0.7655248122
0.4737383310
0.5007314861
0.8834773635
0.4857485780
0.8046286020
0.7494572354
0.8134812541
0.6033591565
0.8980744695
0.6290996940
0.8309634291
0.6524653615
0.6873560963
0.9516640614
0.8366710889
0.8299034175
0.9265816883
0.9289297094
0.9637115097
0.8038217924
0.2585060119
0.4715174113
0.9642997804
0.9371630961
0.5539832334
0.8764895949
0.6232242133
0.6088320792
0.9283118022
0.2364769481
0.8085840847
0.6811564831
0.3785950257
0.9630993752
0.7270113474
0.9593852611
0.7138386956
0.5710084875
0.9396954301
0.3618127724
0.7770794325
0.9004767109
0.7099603505
0.1064755233
0.8878835108
0.7818509620
0.8402088087
0.9250632986
0.4636619390
0.5191328892
0.6897382483
0.9171166062
0.8638377448
0.9050843132
0.8678364532
0.6266636982
0.9383596558
0.8536786887
0.7348473329
0.8001985385
0.7921559862
0.7828620074
0.6214251821
0.6526994165
0.4331287247
0.5283337233
0.4452913521
0.4586229636
0.4116215282
0.8889456723
0.8672309916
0.7877073828
0.7218897782
0.8965890946
0.9981956839
0.7109899784
0.4530031643
0.8761797054
0.5227168160
0.8159628870
0.6291114867
0.5440088312
0.8406075919
0.8515931508
0.3836080717
0.7966599568
0.5958515961
0.8979744681
0.9719539978
0.5167787709
0.7454346791
0.7906819143
0.7497513734
0.9856713090
0.7104300621
0.5037071696
0.8240924184
0.9955833223
0.8065597288
0.8247005819
0.8242261736
0.8830063824
0.5685558626
0.7214990768
0.9861879137
0.4877392378
0.6288288580
0.7650483874
0.6415590118
0.6810825567
0.6589974429
0.7991626595
0.8469442033
0.2057013604
0.5370912236
0.7902479128
0.9845697202
0.7686163766
0.3857726101
0.5996170592
0.9397494500
0.8551752936
0.5870927785
0.7547534765
0.7425668876
0.8109170404
0.6159551217
0.7388884538
0.9009309358
0.5655879235
0.7324533469
0.9351297831
0.9913138600
0.9797492376
0.2687400574
0.9650143693
0.8670049273
0.8631548280
0.8830231230
0.6480556489
0.9059852859
0.4587568643
0.8983014589
0.9699748763
0.8920863207
0.8974224924
0.6929712767
0.9493409948
0.7976133754
0.7326090413
0.8680271267
0.7646423261
0.6219844469
0.2250041635
0.4469584748
0.9093083552
0.8361912446
0.8083829909
0.7391921035
0.7630531512
0.7981965747
0.8934954245
0.4993966108
0.7662157356
0.5683281769
0.8980850681
0.5111367918
0.6610410993
0.7675676603
0.4634347167
0.5493890525
0.8342697695
0.6262162637
0.5244922699
0.6380837540
0.3260299866
0.7433344235
0.3710263451
0.4289634856
0.5940303090
0.3313783984
0.5063948605
0.9493014231
0.8040856870
0.2018134952
0.8631490096
0.8802394620
0.9300561539
0.8569684005
0.3513196601
0.6388163447
0.5548117801
0.8007245859
0.5786564089
0.9001368535
0.8996175759
0.9113809864
0.7516478945
0.9115141838
0.9221319712
0.6884340876
0.4944209469
0.4258668624
0.7515979516
0.9458660116
0.9907213087
0.8938119373
0.8769747584
0.9046065877
0.6662511423
0.5424118044
0.9562624566
0.7588928911
0.8912431115
0.7600276143
0.8004207577
0.9503444495
0.6058478960
0.9266931139
0.4273280897
0.7239715374
0.2896933342
0.6458831605
0.5927600346
0.7358859390
0.5755650523
0.4046021353
0.6543870893
0.5586836961
0.9898789796
0.7098014153
0.9022224105
0.7622305841
0.6944918247
0.5624831391
0.8183014861
0.6275557712
0.4335664123
0.8593376990
0.8650658817
0.8185808281
0.8222379033
0.9542923558
0.6888043516
0.7342337152
0.8165514659
0.6922172050
0.8305986870
0.8800161020
0.6024468961
0.8928671838
0.7668791502
0.9109989518
0.3898252265
0.4612353623
0.6432630125
0.8234744898
0.7621058322
0.9410577622
0.8568254785
0.7964606797
0.9844057193
0.6439224852
0.2438263274
0.8440572437
0.9743801923
0.5898062866
0.9854455265
0.9093643132
0.8723129436
0.7049482668
0.4915021686
0.6608375505
0.7471355832
0.7935427351
0.6970557311
0.8273921276
0.6204469266
0.6771376347
0.6951658719
0.9044560048
0.6906058278
0.9676781989
0.8914838638
0.5934843445
0.5583028489
0.6169894891
0.9853069783
0.8333830967
0.7397303779
0.7260777672
0.6420019790
0.6120566246
0.6626197266
0.6385294146
0.9201087407
0.8380737096
0.7952922923
0.8792691528
0.4161532707
0.9413191721
0.9541882320
0.8712727717
0.9486877258
0.9287366445
0.7466879020
0.8041180329
0.9421157762
0.8728358074
0.6802713951
0.9501213036
0.6869533349
0.9437695512
0.7551344663
0.8166138408
0.9104462008
0.9807378688
0.8616478801
0.8171419816
0.7265393077
0.8472539672
0.9643364910
0.9133124234
0.9367390112
0.9986965672
0.6965800418
0.6056342715
0.6886417147
0.4366469622
0.6628947911
0.8043818442
0.8027130023
0.8696424989
0.3724742903
0.7138925302
0.9705728522
0.9682192728
0.7407285148
0.7360631218
0.8780017273
0.2920655091
0.9931800733
0.8083997670
0.8951016210
0.8496588554
0.8566866726
0.7408395531
0.8087050538
0.7973454682
0.6062958965
0.8306232476
0.6280357725
0.9697763179
0.9818937614
0.5721691849
0.8053472648
0.6499588181
0.9630750061
0.9911982828
0.5984668452
0.8772920005
0.6839695630
0.9859291496
0.8459970588
0.7763265557
0.6360135198
0.7962368001
0.7158504571
0.6903061776
0.9294405397
0.8938783794
0.8669951866
0.8946453983
0.8965710786
0.6491462331
0.5095568505
0.9719167735
0.5124772125
0.5256339036
0.5612330018
0.6509902564
0.8431477462
0.2436937507
0.2043196050
0.2945998364
0.3788161928
0.1604203085
0.3566417524
0.8051931453
0.3176873751
0.3003671810
0.9677352026
0.9944070789
0.4380825895
0.9779445566
0.4895450169
0.2600514082
0.3130850164
0.7860568060
0.9649678500
0.9960832440
0.7103200467
0.9513101798
0.9549428757
0.3655794948
0.9441552396
0.9722552772
0.3825317258
0.8128430703
0.5909602119
0.8747794943
0.5346370712
0.2694413674
0.8721105225
0.3987682721
0.9511910742
0.6836695305
0.9930969986
0.4889663032
0.2832901978
0.9935900902
0.4168552617
0.2765457396
0.5528641209
0.9422898059
0.9607586936
0.8508096223
0.8613354318
0.5184812384
0.4370592860
0.5590476796
0.7581519212
0.5012826947
0.7764188573
0.8951047759
0.5550040882
0.6578311912
0.2388450797
0.3441394155
0.6072003047
0.3441149685
0.2842484249
0.8275874003
0.3249430899
0.3208933425
0.2277803638
0.7911226084
0.6669919771
0.8784815612
0.2445608199
0.8840155799
0.5130315721
0.3724740838
0.2980726133
0.9944337543
0.9161086290
0.8277740672
0.6162786229
0.4205337908
0.4018373417
0.4099014610
0.4575128474
0.6557608212
0.3541767148
0.4842605082
0.3049784324
0.8007051869
0.4521255524
0.8997558978
0.2690982122
0.1951381760
0.6644637771
0.2580736901
0.4259792475
0.6318237394
0.9619608097
0.1733092104
0.3419772592
0.3160805658
0.6573853328
0.4694980782
0.3646562862
0.3378707542
0.8421952387
0.8935251068
0.7999861661
0.4599737267
0.1040923092
0.2829229315
0.8059412158
0.7331675022
0.9811313538
0.0552762678
0.8344674975
0.7558004467
0.9874573512
0.8339628231
0.8452744600
0.5700962998
0.6095557229
0.8670866297
0.8491538098
0.4420223923
0.5711273434
0.9693764885
0.4069939398
0.4029964528
0.4821616975
0.3522057196
0.6554810688
0.4424947774
0.6780013424
0.0614668869
0.7616863505
0.8023894783
0.6163373011
0.1460948183
0.4211213157
0.5468192294
0.8936661164
0.5969506435
0.7484138188
0.8183846597
0.6630246004
0.7626707649
0.9076089665
0.8214905796
0.2305899284
0.7382174291
0.9576745348
0.6610405474
0.9244140439
0.7336733404
0.7673070058
0.7261908000
0.8215293183
0.4136509484
0.6655821003
0.7920030099
0.9815803210
0.9176297639
0.7426487858
0.9556186780
0.8862686378
0.6578322446
0.4772331348
0.8236848682
0.5429293738
0.9790965155
0.7023629224
0.4701809926
0.6170568207
0.9231118743
0.6592021309
0.9768472173
0.7180565221
0.9095726272
0.9577777164
0.8426688013
0.7215806408
0.8976833814
0.7181755562
0.8369827296
0.4744832572
0.6856904563
0.6399159307
0.6456643703
0.8468130156
0.8027945265
0.6633009119
0.6462082877
0.5273620527
0.9900845252
0.9008228498
0.8422881823
0.7948554435
0.9973116180
0.6994689665
0.6382224582
0.9446549832
0.3610023311
0.8911941728
0.4345645800
0.6145375843
0.8049727245
0.8634907576
0.7897517928
0.9192147167
0.7816830921
0.7466247240
0.8626136343
0.8924157724
0.6406224957
0.1819106258
0.8105940357
0.6742199629
0.9577777519
0.4605896176
0.6940442474
0.9286803144
0.9236019626
0.7340766689
0.7349598202
0.7417300623
0.5284917904
0.8530353782
0.9173637780
0.1877488043
0.7684475209
0.9963272666
0.8097917215
0.8441072630
0.8316998891
0.8810223771
0.5652877831
0.6624429677
0.4971625556
0.2214236390
0.7679292548
0.9534558587
0.6077488587
0.7216685488
0.7512899183
0.5620655312
0.4228495282
0.5023612981
0.6933934070
0.4421805956
0.5673522002
0.3974740713
0.5684780778
0.8264581182
0.4459353736
0.3394154722
0.8757479664
0.4701063846
0.9882774821
0.9177552941
0.3089605464
0.8987566862
0.6013374407
0.8527507272
0.7652534560
0.3074828957
0.2397981403
0.1861640962
0.7121635887
0.3299995476
0.6251243507
0.5288564310
0.1876570294
0.2012891640
0.7101139495
0.8555232540
0.1029207064
0.5859647395
0.3755725536
0.4315116856
0.8027234038
0.9816959742
0.3493199972
0.5545002836
0.9026052251
0.4351986101
0.9749113553
0.6419794358
0.2782340493
0.0422926351
0.3519457577
0.9225980251
0.6824661168
0.7110790122
0.8622738994
0.5219961792
0.5210273684
0.4240760518
0.7569252040
0.8220930085
0.7164834148
0.5884531753
0.3514380300
0.8751309047
0.9845682314
0.2490485064
0.8755337454
0.8900014467
0.7683096665
0.4200748665
0.6856041183
0.4263039348
0.0491042279
0.9780207047
0.3689114866
0.1257688704
0.4589569433
0.5403875929
0.7795615623
0.9516881819
0.5938979842
0.6515970583
0.6301048249
0.5888306593
0.8298699478
0.7451110357
0.7659365555
0.9528963750
0.3480842887
0.6482740142
0.4923068015
0.7249066947
0.9592338056
0.7262156971
0.7851998936
0.4940896444
0.4007975985
0.0722001098
0.8116709749
0.7801022152
0.3301087335
0.4843308855
0.7901537705
0.7541923606
0.9688350242
0.7375612191
0.7262800624
0.3630923124
0.8424974419
0.7759095187
0.5501605065
0.9691412372
0.5107144643
0.8558610916
0.5191121817
0.8068208705
0.6366957005
0.8042165134
0.7147531112
0.3490130002
0.9112469949
0.6732899230
0.5510236349
0.6345922978
0.8260247740
0.6812874332
0.6736664053
0.6308889284
0.8617512381
0.6032191130
0.8968746417
0.9837586812
0.7255961878
0.8610527497
0.8126281232
0.9575722841
0.7931286622
0.6700405490
0.8271606348
0.3743254939
0.2401307191
0.7130869420
0.3812530973
0.6085870546
0.5585171230
0.9596602779
0.9323055129
0.5093017573
0.4559256040
0.9741957632
0.9798542363
0.6983549343
0.8782834022
0.6173301035
0.3216790593
0.8794313005
0.6524705320
0.7230583233
0.8007463278
0.9433588650
0.9614033990
0.2064139624
0.7690573945
0.3211701912
0.7774799448
0.7404215867
0.7712897196
0.5403844120
0.8278079027
0.4184568412
0.9772128925
0.9748151483
0.5748280522
0.9269920260
0.9939113340
0.3532407827
0.9779772297
0.4769405079
0.4780091116
0.6185768313
0.8663120902
0.9055317758
0.3263256429
0.7185852889
0.3761966640
0.6351897631
0.8848224286
0.7796513080
0.9776538761
0.9485880661
0.6084685760
0.9741830406
0.8544440355
0.5288822446
0.7084473355
0.5261660255
0.5422864404
0.7295030300
0.8808242794
0.2982633230
0.7808040920
0.8574280597
0.8898043285
0.5462461003
0.9274655914
0.5655450012
0.9840082038
0.9089990583
0.5495041298
0.9232805064
0.9548693074
0.7385432528
0.7198663704
0.8038830014
0.7491291830
0.6725165424
0.3091714453
0.6519726445
0.1992036617
0.7887607395
0.6939541574
0.2519655108
0.5587034509
0.5576954357
0.8116527549
0.3795253848
0.7879078030
0.9925798719
0.6912763840
0.8415032087
0.9773764112
0.3846545057
0.5502839643
0.4088787555
0.7962083710
0.5025869802
0.2467989382
0.5670127433
0.7109782335
0.9470487209
0.7005460597
0.2864892710
0.2606147117
0.8076344057
0.5900775879
0.9953461999
0.8173437858
0.1162099761
0.1975030421
0.8443016785
0.1917452120
0.7490415298
0.8954038870
0.6544690290
0.8286659191
0.4624713978
0.5278557429
0.1625235440
0.7794117789
0.1740940306
0.8869846539
0.4497545681
0.5923881209
0.9557282400
0.3303835384
0.3800762041
0.5207141762
0.1998536710
0.2180144519
0.6895000316
0.2156159278
0.3338380950
0.8044081105
0.8573758695
0.7588253853
0.6634768432
0.8502662244
0.9457195886
0.6588411134
0.6658240709
0.5993020138
0.6911103089
0.7927055968
0.8825779390
0.2328982469
0.6121056202
0.6940982858
0.7397023453
0.2788444910
0.3826367400
0.9403651181
0.9812920383
0.5721231237
0.8171244688
0.9416402628
0.5835999442
0.4752190327
0.6131146589
0.3783970489
0.7764291925
0.7925880335
0.4070981280
0.9480608315
0.4857351585
0.7245811838
0.4676199443
0.6645866799
0.9996545576
0.3687488765
0.9163340123
0.6547371860
0.3466627389
0.3692890400
0.7028483201
0.7097964404
0.8435942311
0.4439404984
0.3693255969
0.3101439027
0.4726903932
0.9130076500
0.9328863252
0.3481639384
0.6055531751
0.8087993745
0.4857499212
0.4093298557
0.2481461086
0.2902700675
0.8141232520
0.4604700185
0.8555596734
0.4380431957
0.7656675633
0.7907940357
0.6483623287
0.5200705911
0.9983603628
0.9118957696
0.7983567213
0.5315793658
0.8794541060
0.9320443004
0.4886270196
0.8268211640
0.6972451950
0.5651294102
0.7919996651
0.4617033089
0.9452410522
0.6436694865
0.6625939183
0.5909194519
0.4344814215
0.8901664520
0.6294033538
0.3409115797
0.7271368052
0.7735390281
0.2779586361
0.8750159195
0.2335419749
0.5802445357
0.4664681959
0.6188488078
0.8642471501
0.4128375870
0.7226959587
0.9514519346
0.3828107335
0.3409850532
0.7628145985
0.9376977321
0.7465478821
0.4143428510
0.7091045741
0.4793688726
0.3798325631
0.8176760309
0.5583012175
0.4732854932
0.6799468993
0.9408866430
0.6832887104
0.9258240116
0.2162912145
0.4935990460
0.7758218721
0.8794671541
0.1291831220
0.3449460507
0.0218361336
0.4579557476
0.5340757539
0.5619903545
0.5942439423
0.5429840059
0.9337858841
0.7275054181
0.5758686295
0.8876040852
0.4867537484
0.7444274515
0.3429605418
0.2400855443
0.9237267526
0.9576133331
0.5391662444
0.6380994130
0.9672277049
0.0567801201
0.1876644085
0.3800225008
0.2940101625
0.8724677557
0.4355631675
0.4903008380
0.8933723904
0.3100108049
0.8575328606
0.8388302069
0.7928224394
0.5880371307
0.9952052121
0.3149803108
0.9258682805
0.9241208611
0.1939634428
0.9360264968
0.7682841172
0.3773968187
0.7514708707
0.6693818407
0.6391423197
0.8137881534
0.2423867027
0.5257696170
0.3533632492
0.6596591053
0.4357204001
0.2819379796
0.2144621441
0.9917434735
0.4856593545
0.7735672068
0.8871752923
0.8457492087
0.2797895097
0.3856733700
0.9367940801
0.2705071117
0.5486618974
0.2181472445
0.4681498447
0.8324461931
0.5476896042
0.9201145332
0.8085992925
0.8510387296
0.7239800133
0.5787263221
0.8836596622
0.7639310573
0.5571177927
0.7231520592
0.9892944113
0.9234392492
0.9422413519
0.7289854204
0.5479692617
0.0874002272
0.1863436976
0.7212837861
0.6359345082
0.6413210093
0.9370096983
0.6089771650
0.7980917501
0.3149122242
0.6092329476
0.5964319761
0.5971116363
0.2520280706
0.9200644362
0.8531934371
0.6973979684
0.6910397871
0.2715608253
0.5143083597
0.2003389427
0.9263172687
0.5586621626
0.6816334967
0.7638117169
0.7995890193
0.4083158493
0.8901973285
0.4936981391
0.9828065728
0.9069854210
0.8242613921
0.0845620500
0.5665358274
0.3136656616
0.9500898255
0.9036342261
0.5980684083
0.8877585249
0.8472822228
0.5715607208
0.4348817419
0.4817160955
0.3603814354
0.9378353356
0.9565710661
0.4135604226
0.9801162524
0.9882128156
0.8205155742
0.8383477030
0.8861520583
0.7220436783
0.4255215237
0.5417430305
0.4029351028
0.5422108673
0.8912053552
0.9510536987
0.6070750218
0.5644035461
0.9927636784
0.6884741662
0.4422658831
0.3431190529
0.6689891746
0.4009207584
0.8232575964
0.8262722351
0.7351371874
0.6310595985
0.9976359109
0.5789613236
0.8599474622
0.5543099546
0.4640862456
0.6199785947
0.5044445211
0.8681512953
0.5516293720
0.8464596540
0.6399209158
0.7359338992
0.4094695611
0.8245304737
0.7501032074
0.2856153996
0.7930145246
0.4144152597
0.8664488581
0.3483323549
0.3754544749
0.6384468959
0.6034292250
0.8473314814
0.8726975939
0.8575709078
0.3900049565
0.4254904829
0.6126448438
0.5764056201
0.6292940002
0.9815939237
0.7810994852
0.7197010035
0.8725235536
0.7718227439
0.8137269982
0.9977943028
0.7274351346
0.4119968040
0.8511038386
0.8027119581
0.3874729079
0.7434002971
0.6965818721
0.7664045445
0.5977137921
0.9001995821
0.7957080486
0.0417763224
0.3693869732
0.6981561562
0.2968992126
0.8465928999
0.5465401545
0.9224242013
0.6002949110
0.6750047612
0.6534504552
0.6057140667
0.2823494823
0.9299586121
0.8947919557
0.1771600905
0.7016186805
0.3555691065
0.4211626129
0.4717949408
0.8026765305
0.6004608689
0.8712662324
0.9424490810
0.9406511863
0.4056670960
0.9102499006
0.9635827075
0.8346818493
0.9359396104
0.9413018643
0.2147588460
0.4949546273
0.5496572404
0.9329746701
0.5256886274
0.7527277562
0.4508943563
0.8822731020
0.9305552615
0.7982878833
0.4744576715
0.8745399872
0.6507591688
0.9374408507
0.4271713370
0.4017030215
0.7184227448
0.2947821246
0.7412172213
0.7083907158
0.9065608016
0.5832328031
0.7179871423
0.7019310887
0.7147736646
0.9703668609
0.3918261694
0.8966123128
0.6099337579
0.9438945599
0.4524536388
0.3848328499
0.9369504891
0.9373945323
0.9009228696
0.3228690875
0.9278170986
0.9062278350
0.3147012997
0.1873404162
0.3633711160
0.7240661428
0.6824551825
0.6625324683
0.9781936138
0.5626757576
0.6425078389
0.7330072470
0.4136243567
0.2383325653
0.4565699862
0.5077423735
0.7339309167
0.6271648247
0.4561323044
0.8520663709
0.3316275667
0.2593476631
0.6790562351
0.4881735333
0.8700269237
0.5806442031
0.7383725606
0.3328142892
0.6881583893
0.8769518347
0.8318507051
0.9477388401
0.4963375287
0.3177487673
0.9976276139
0.8624347930
0.5503392032
0.4498129902
0.2719274054
0.9420215400
0.8149494654
0.3088682416
0.9624182006
0.7811858740
0.9326976879
0.9281928853
0.3443889398
0.7389926785
0.6478918858
0.8904491473
0.9472184201
0.8062834595
0.5670439706
0.4937702016
0.3492196901
0.5731087761
0.7477312106
0.4261382662
0.3404271261
0.4033367858
0.7316327927
0.9136280661
0.4853901641
0.9863511650
0.6392604575
0.9998172667
0.8873555258
0.5507568562
0.9168504192
0.4368929508
0.6501007771
0.5550216275
0.7217715090
0.6609136802
0.9479948008
0.8669843444
0.0730805819
0.7484791676
0.4670497071
0.9065220555
0.4817668447
0.6633141954
0.7293584546
0.9109417702
0.8427664238
0.4407476271
0.7339033151
0.9406489737
0.5788712607
0.3659774978
0.3230989316
0.7415220548
0.8468117932
0.6548898060
0.9242645205
0.7619234903
0.7986557574
0.9100937887
0.5069469530
0.8672664972
0.2215665284
0.4244898646
0.9154077050
0.5417247819
0.9206650519
0.1609249106
0.9232390089
0.7421945809
0.3520497990
0.6358868489
0.6883030067
0.6945827298
0.7160673620
0.2509460367
0.7427094336
0.8787898512
0.0706113653
0.9503662630
0.7864328878
0.4291086913
0.6124882623
0.5724676602
0.3148710638
0.7697705299
0.7698107772
0.5783870012
0.4781396263
0.3806863001
0.4457083297
0.9793765549
0.7971194946
0.6359926597
0.0596980729
0.9286438842
0.7558660636
