8.262453441410347321e-02
8.067159079644706243e-02
7.782810959044955679e-02
8.156404667649255757e-02
8.650854568920793297e-02
8.885824145973517107e-02
8.126635246005999014e-02
8.874491472702281114e-02
8.782457248999003818e-02
7.489712988767685542e-02
7.471434514265755389e-02
7.685946959227490938e-02
8.697455472733633952e-02
8.767737405511255577e-02
7.811841000701985616e-02
8.140831813622437241e-02
8.239869353651732564e-02
7.942523471702804538e-02
7.685932315761749567e-02
7.908863840415672475e-02
9.215462784036890231e-02
7.669962490898712959e-02
7.989154884393018241e-02
9.181746861320752573e-02
8.159143086601344796e-02
7.619502637326630579e-02
9.121977518844417987e-02
8.440019370918994124e-02
8.484384601559966099e-02
8.466140851123471478e-02
8.502682549773235565e-02
8.417316731180260470e-02
8.299048343536677419e-02
8.326593397447168421e-02
8.836900706025591079e-02
8.650026112283151769e-02
8.396074491273741724e-02
7.996381806935951020e-02
9.525407562935370165e-02
8.689875498151922173e-02
8.935605460024559354e-02
8.327423762753352610e-02
7.997981044399651851e-02
8.326965169470354478e-02
8.360080577975809168e-02
8.968635589621615223e-02
8.104511953284235237e-02
9.218834694708774591e-02
8.215290245307071970e-02
7.997166868410456042e-02
9.108828368184154756e-02
8.434087209899870929e-02
8.864675986180148293e-02
8.522424221010244105e-02
7.879619232353837766e-02
8.954402050150814252e-02
8.114994244970061277e-02
8.199084838609854708e-02
8.007261446827439177e-02
8.721524905396949023e-02
8.190156084545455184e-02
9.121183358973375399e-02
8.428932718785125955e-02
8.394424423428931137e-02
7.865676898650190985e-02
8.351172366441023120e-02
8.210460970058178209e-02
8.307533763341096167e-02
8.715332135642350764e-02
8.079916663933342513e-02
8.435621844955573656e-02
8.068460166984538218e-02
8.375967853441684818e-02
8.411657296855051813e-02
9.070847559961173201e-02
8.139723282412075767e-02
8.370231510290127019e-02
8.295606739173905231e-02
7.772877101371220010e-02
7.815673804861986151e-02
8.688246631895318872e-02
8.579793355913573061e-02
8.359816198573510881e-02
8.545949658129023407e-02
7.567247638750124183e-02
8.334859982364448139e-02
7.859925124456383638e-02
8.719694065130892402e-02
8.485077338678478909e-02
8.053355611592183383e-02
8.502897664306724446e-02
7.867399425963120252e-02
7.719860144497717180e-02
9.354989574124819574e-02
8.055026455196981350e-02
8.032725421815462008e-02
7.460372236610844643e-02
8.422422473103521878e-02
7.819893513170238231e-02
8.187169098613442109e-02
7.654317704216728746e-02
8.766504365018268352e-02
8.343193351720559758e-02
8.017936909386301492e-02
8.131218608940216086e-02
7.534015709107430570e-02
8.381422606287053378e-02
7.849626061197606530e-02
7.771450694937406811e-02
8.625918983563338194e-02
7.972470913513710067e-02
9.046283826417075846e-02
7.595167474076471026e-02
8.640702823234502894e-02
8.212883673061516232e-02
8.388538071392992457e-02
7.377324366323657900e-02
7.687058022346106301e-02
7.681151588230872296e-02
8.491026955716476921e-02
8.405736791298884514e-02
7.415462924043077220e-02
7.911914675200724945e-02
8.430460242144660610e-02
8.224116569876016580e-02
9.010244752819332459e-02
7.446523219278354533e-02
8.552058968735476441e-02
8.475897157959372263e-02
8.291954407591398124e-02
7.600417868718348235e-02
8.335760076884832226e-02
8.650877841587334416e-02
7.555073278835701400e-02
7.576843761146551115e-02
7.729856600882170636e-02
7.901601868965832387e-02
7.812551000951521718e-02
7.483746534567264908e-02
8.127884851684917533e-02
8.450628383673908228e-02
7.491913560982176035e-02
7.667439710336368397e-02
7.660173009591833559e-02
8.125548435198648445e-02
7.586567803634580720e-02
7.770239757436049610e-02
8.279878637452284251e-02
8.393711638511777706e-02
7.994687993955576499e-02
9.039014805915776551e-02
7.417722562317741186e-02
8.194077625495421735e-02
7.836403144766261597e-02
7.903880391166130670e-02
7.934727021706868000e-02
7.652571740932068156e-02
8.134267596704379544e-02
7.766226168254593276e-02
8.328547718245088438e-02
7.707938216513186835e-02
7.573966912232066306e-02
8.129636662879881348e-02
7.872538707449067141e-02
8.168708412618795600e-02
8.051010804270594678e-02
7.847914949502798887e-02
7.866685067934407749e-02
8.246639768792690672e-02
8.207429051184778057e-02
8.792893510673174817e-02
8.484246882997312222e-02
7.934408761585927394e-02
8.257200541920278747e-02
8.178879748043077491e-02
8.058868703399418854e-02
8.557439925597948305e-02
7.417661028514896393e-02
7.556327156155516478e-02
7.411590919684404866e-02
7.506048084216077054e-02
7.292590643128099570e-02
8.048395269134001051e-02
8.085430553841377321e-02
7.504997742180084808e-02
7.497249680475460976e-02
8.361658989415143850e-02
8.366667656449612578e-02
7.581852696973676031e-02
7.776113037480536505e-02
7.756870662874765232e-02
7.385031847320515375e-02
7.489230524346331130e-02
7.741454857621946073e-02
7.710068256116858754e-02
7.749047781535033097e-02
7.611220486437039745e-02
8.262779900974723257e-02
8.264576691083187765e-02
7.655125578777202677e-02
8.783936038382808564e-02
7.358276981470766864e-02
7.821472430488604632e-02
7.526745374544457912e-02
8.537698559778456042e-02
8.053083686909325023e-02
8.225980350573905420e-02
7.824018363758887540e-02
9.253560715303851825e-02
7.531467162524937975e-02
8.160603066334125300e-02
8.914899147166574500e-02
7.545491532703771376e-02
7.911175229843962764e-02
7.965521926541779818e-02
7.505378260769277055e-02
8.106110733707870553e-02
7.697748551485551760e-02
7.411710057489694081e-02
8.259975613714773401e-02
8.718392372621952546e-02
7.946339121208251255e-02
8.005745586799901947e-02
8.083700199277660259e-02
7.461617492399619245e-02
7.939367765932119070e-02
7.431386376497052526e-02
8.494881824306205198e-02
7.899227981558311351e-02
8.719924024501912729e-02
7.584034468466976930e-02
7.607695275042822280e-02
8.359905394321517913e-02
7.905749159022842920e-02
7.790254974372405605e-02
8.093509813518590112e-02
7.655790782252953897e-02
8.321461961064963164e-02
7.685984963985262319e-02
9.157620389868922905e-02
8.551927949167587029e-02
8.067203534359228267e-02
7.337577158436682512e-02
7.457900444160944775e-02
7.727949681714529895e-02
8.203063855506791124e-02
8.023241181669732436e-02
8.063966447483320032e-02
7.332818980487620930e-02
7.475630930900767357e-02
8.035235350687686129e-02
8.471391065641906137e-02
8.253418413502036644e-02
8.510327555393293331e-02
8.278329780618559619e-02
8.027217540127738749e-02
7.514627887485661462e-02
8.367278711485733045e-02
7.787268975125191672e-02
7.782575388095309965e-02
7.531654809568352760e-02
7.503021275970518655e-02
7.517557277419005535e-02
7.787820362789062145e-02
7.461348505325335334e-02
8.013225313773331138e-02
8.272616525573733837e-02
7.663552408141968697e-02
7.754148146514341922e-02
7.548224133072642394e-02
8.123915682405044580e-02
7.995412276998484224e-02
7.592220278974801118e-02
9.156057017068067183e-02
7.341706448243466576e-02
7.562491623217347525e-02
7.535407211737049638e-02
7.517878868823160698e-02
7.892412950189341136e-02
8.548117588564774216e-02
7.522236400448438498e-02
7.850413258720081999e-02
7.516246735297336945e-02
7.912173682842969791e-02
8.274492092236086782e-02
7.710605658401986640e-02
7.893121248472860507e-02
7.718144590027739560e-02
7.368604497331544823e-02
7.485502782313520342e-02
8.463327699899897416e-02
7.751426177040796062e-02
7.362298399687032535e-02
7.539019786514455923e-02
7.648892314715240170e-02
7.213361944502098833e-02
7.674681037905889402e-02
7.515240686913264578e-02
7.395429179149490273e-02
7.466640310482609844e-02
7.668994666629765089e-02
7.858776149204496630e-02
7.732867442072978437e-02
7.738525259113929189e-02
7.883922258535078220e-02
7.438194575326852187e-02
7.890063529038637835e-02
8.386167149836955270e-02
7.210236897114018217e-02
8.020483724873557485e-02
8.425458903695312585e-02
8.809207119663267638e-02
7.181318889359700197e-02
7.465140081272785000e-02
7.268663217116112796e-02
7.761588137929872899e-02
7.533036747154890633e-02
8.199295940047940379e-02
7.635661386045032584e-02
8.388430943307591259e-02
7.709028966428005392e-02
8.251706195693606083e-02
7.230288957345185064e-02
7.747124578128689043e-02
7.585901814506447460e-02
7.237101033939601080e-02
7.592115258176029835e-02
7.442412852049878902e-02
7.372259539380006388e-02
7.794026979024207269e-02
7.349901073773845717e-02
7.566662409920292542e-02
7.206576692347142765e-02
7.277124196080664298e-02
7.463764380186219127e-02
7.605012834284329004e-02
7.577654323178603657e-02
7.579575663470346225e-02
8.422006384695415737e-02
7.813280939792903446e-02
7.787753563855913386e-02
7.629763210655957084e-02
7.624570433501551281e-02
7.412249448884508651e-02
7.633227692175445500e-02
7.423645860286105791e-02
7.632243888002605836e-02
7.404274802979241010e-02
7.197364834655740895e-02
7.449402518348778590e-02
7.967293756533817828e-02
7.556091893939990978e-02
7.349001433793504734e-02
7.595832344635980449e-02
7.471353817730615188e-02
7.628630940012989803e-02
7.782288851293840681e-02
7.405883935710613764e-02
7.563001821163632676e-02
7.546424158021294848e-02
7.490313383834021344e-02
8.122590642701367492e-02
7.707210985906902401e-02
7.380641533845228031e-02
7.950382772390338082e-02
8.540518197204538531e-02
8.012735927105940625e-02
8.629319100268800780e-02
7.596407354846633486e-02
7.881390749889301273e-02
8.647978933311881167e-02
7.573374594169726692e-02
7.849732589022190288e-02
7.660666073732047554e-02
7.543426995891765185e-02
8.401243255971317658e-02
7.500109844903184164e-02
8.251013627813649776e-02
7.936186004960378571e-02
8.080753166807688737e-02
7.745620922973586731e-02
7.454567223441251056e-02
7.805376187726469073e-02
8.352243628527955543e-02
8.583420366970620496e-02
7.472208242303200743e-02
8.515100188620422506e-02
7.548360812247659202e-02
7.985051292330644368e-02
8.528401923338646551e-02
7.617568518210797446e-02
7.809959558992081441e-02
7.994271500086617965e-02
7.574361316060186644e-02
9.042217097613938770e-02
7.790302310595459412e-02
7.611858909087824976e-02
7.527741592943219817e-02
7.506367953042106245e-02
8.029400454961713174e-02
7.535094174886332319e-02
8.220844749011577135e-02
7.509050559049978979e-02
7.879221801786449875e-02
8.270023427976863628e-02
8.196026948948262336e-02
7.510170879382455089e-02
7.852672701112090037e-02
7.883731043958548679e-02
8.603780983762651657e-02
8.011039580082784939e-02
7.699255595267412433e-02
7.935612425414216575e-02
8.705485106241828142e-02
8.108669732492101989e-02
7.881010572013609494e-02
7.814002422935882597e-02
8.669444677047807857e-02
8.100314942286615527e-02
8.356763415723941768e-02
7.416847741996281107e-02
8.000109857388451595e-02
7.703785709411675731e-02
7.720135253847899837e-02
7.928573369470798271e-02
7.803386300020938304e-02
7.948946766062836566e-02
7.855424185045209451e-02
8.117155686596883024e-02
7.822025507697119573e-02
7.956740918386180639e-02
7.969355723539599257e-02
7.780852720772835074e-02
7.660101319003498332e-02
7.630319838493779261e-02
8.007364658676363600e-02
7.886436049012075789e-02
7.907401399439872858e-02
7.855161317123761366e-02
7.622674196827319837e-02
8.026605157493997555e-02
8.175801848426017537e-02
7.814120423097566104e-02
8.236524630856523199e-02
8.352034763489799007e-02
7.999172958915057308e-02
9.682476252516566961e-02
7.413134405449474384e-02
7.905275590586773038e-02
8.169819191961837090e-02
7.697605605451091071e-02
7.607226882299432391e-02
7.666141182883347283e-02
8.015932170629576359e-02
7.675000050136876473e-02
7.700788995853864727e-02
7.815031954997950225e-02
8.399874328483969421e-02
7.984566154474302679e-02
7.679669394872054577e-02
8.502530794024545924e-02
8.352750841613684751e-02
7.637717537022913061e-02
7.710578989204619482e-02
7.956082503675249162e-02
7.712841130429429204e-02
7.712543807856085676e-02
8.136480423183525823e-02
7.822057129402812392e-02
8.666417733300885162e-02
8.047615816121773957e-02
7.832282710050487984e-02
7.971533669301954228e-02
7.599616915350446145e-02
7.779651496155684520e-02
7.726241292926987192e-02
7.945522278895011947e-02
7.930827856249778041e-02
7.908986225467008746e-02
7.796923566178366738e-02
8.000169076974859850e-02
7.788132237983605433e-02
7.841216264530580238e-02
7.453585989262295763e-02
7.652431917312967069e-02
7.968272402206894034e-02
7.796144520637543485e-02
7.895671451634123095e-02
8.174486648707310343e-02
7.635737607197624899e-02
7.482857451878081878e-02
7.851183593790815596e-02
7.868858701141361045e-02
8.186111620469202488e-02
7.616069395083746585e-02
7.712421037666720991e-02
7.764342966279559610e-02
8.006700470131568326e-02
7.986701269713854245e-02
7.755683456006182142e-02
7.810612152897077054e-02
7.545050050198277847e-02
7.766255271267073768e-02
7.730888403893179661e-02
7.801885451527686144e-02
8.280582323352322915e-02
7.470255361482242007e-02
7.739857175668206357e-02
7.758333256387310584e-02
7.813202788793846554e-02
7.790633173330474559e-02
7.878751592587109054e-02
7.727498364089020744e-02
8.026771434651301662e-02
7.822252194530687763e-02
8.776768385698160979e-02
8.097630836928744469e-02
7.862258699671449691e-02
8.318494729422816480e-02
7.540265251649648504e-02
8.061555543141624147e-02
7.804349281113587278e-02
7.801057351916709792e-02
7.685873840825109549e-02
7.829495079902212828e-02
7.531692613807874914e-02
7.689716485412531610e-02
8.122171066938660422e-02
7.652813653418785722e-02
7.835326366016844013e-02
8.760488182111825228e-02
8.107483073132282225e-02
7.905104164718136650e-02
8.033100454601653506e-02
7.557214212629459471e-02
7.682107860578511749e-02
7.956242871741221745e-02
7.971197734207777219e-02
7.987893079004068642e-02
8.078408319564425732e-02
8.231491697751172620e-02
8.087332504869479410e-02
8.005232206382084659e-02
7.843314501491893687e-02
7.904240452522073856e-02
7.830833322417135589e-02
8.054825377171777323e-02
8.036303235495365072e-02
8.640929407886099867e-02
8.209316761135310170e-02
7.806611271664309903e-02
7.738344946635442034e-02
7.759836353502641559e-02
8.551462291303812968e-02
7.539596136415484262e-02
7.365656102606496503e-02
7.533682505817640429e-02
7.676781808232906179e-02
7.698732746371461655e-02
7.812984531769379126e-02
8.091240731848906020e-02
7.915416803609426344e-02
7.842847104079977982e-02
8.397980212380490306e-02
8.211633372966947730e-02
8.217798338960594084e-02
8.351716023943758782e-02
7.632872488516391496e-02
8.263298209115341186e-02
8.134084744475342243e-02
8.906396810319727742e-02
7.466192840349758497e-02
8.131814946153256840e-02
7.561989892744354347e-02
7.991161374803329442e-02
8.091306861812157247e-02
7.605746682931105451e-02
8.196877231874341585e-02
7.641124147776205688e-02
7.816488014686491514e-02
7.543412786919770352e-02
7.635738722607773865e-02
8.094712292254704900e-02
7.872742212168129528e-02
7.837986667692595222e-02
8.067241338667591188e-02
7.799129621120802491e-02
8.336551786143736598e-02
7.826399900627610540e-02
7.560517837083008397e-02
7.901099256245655567e-02
7.391715516312917511e-02
7.787370084855203822e-02
7.805089293295161545e-02
7.657490319980710114e-02
7.966835608744059216e-02
7.580149991381378294e-02
7.426608190756051053e-02
7.507573984711224391e-02
7.837664050506649993e-02
8.112479881531055315e-02
7.569153833956858424e-02
8.093754713151217473e-02
8.505978486927096016e-02
7.786449151500320076e-02
7.587879039707243201e-02
7.618734186829800858e-02
7.496006764575653680e-02
8.379397574451113995e-02
8.291021703475581761e-02
8.032679471331057031e-02
7.466637894832293953e-02
7.746112337074517740e-02
7.544735120674075923e-02
8.209296764970014371e-02
7.637391435553962660e-02
8.182364709808440106e-02
8.586966161724696178e-02
7.923795582911440094e-02
7.931983541531008319e-02
7.764260668522167397e-02
7.963465147722614823e-02
7.486056438749587316e-02
7.713475007878772827e-02
7.880255885803288951e-02
7.481919019494295831e-02
8.031863108624531788e-02
9.140682182795786814e-02
9.193840824821661317e-02
7.689981473820088620e-02
7.952625156268607054e-02
8.369627642193483430e-02
8.209416756290280337e-02
8.087977139721608255e-02
8.248728985387857038e-02
7.458348987496316029e-02
7.968137560251090101e-02
7.882365227142304476e-02
7.776473722675583677e-02
8.151300352634566204e-02
7.653231949568378711e-02
8.283452090999088302e-02
7.888513937196744985e-02
7.635137297938432432e-02
7.743546686372942967e-02
7.344780428149098872e-02
8.039663872254423915e-02
7.533950913148082518e-02
7.849830480423911072e-02
7.535393153295555368e-02
7.356641285501039351e-02
7.908094786485433958e-02
8.662021771126032776e-02
7.518434502316174994e-02
8.023153428426216260e-02
7.798888909902138011e-02
7.872280794054987985e-02
9.070181669389212886e-02
7.769118433563244885e-02
8.159265292583614548e-02
8.047366644548506476e-02
7.739942548693250213e-02
7.962224239989200425e-02
7.458078960010308678e-02
7.451747288630003463e-02
7.700944027600500896e-02
7.428206397875816713e-02
8.343340342046950964e-02
7.657699068710187296e-02
7.497818945479108044e-02
7.534718185072568353e-02
7.659843347265551938e-02
8.376544205734229309e-02
7.764952687964760125e-02
7.590288461785119067e-02
7.454959057090784769e-02
8.822552466608374333e-02
7.502065542973934686e-02
7.051580846141577985e-02
7.454564029708662942e-02
7.406249920806592946e-02
7.497381024713895004e-02
7.820238345074415065e-02
7.454545302330201073e-02
7.400147893203777583e-02
8.252154072393969031e-02
7.796314518373255453e-02
8.003407653974026204e-02
7.992018615967537432e-02
8.728875327583515698e-02
7.642124898742871930e-02
8.822909997310560137e-02
7.631165516478273514e-02
7.667666930017348614e-02
7.820070555844661764e-02
7.556232656226728739e-02
7.880959321578390187e-02
7.863738527833284697e-02
7.776989296164900367e-02
8.754823011588311332e-02
7.681804457059043800e-02
7.972390592929368136e-02
7.761028355841886883e-02
8.072470547621433956e-02
7.660950387508767834e-02
7.330690933077126104e-02
7.876892116837379276e-02
7.329585868328812592e-02
7.485718181283290695e-02
7.183285249105669790e-02
7.245648687264998056e-02
7.650718168249742712e-02
7.428566549493742510e-02
8.024770846062292962e-02
9.364849592145715884e-02
8.561973458210106469e-02
7.473754598943693761e-02
8.079052269897593619e-02
7.405155568765878216e-02
7.803754386628752870e-02
7.569679688556768538e-02
7.547865041213260018e-02
7.204190392804610266e-02
8.073564237431576918e-02
7.780784779240569604e-02
7.820992618190138190e-02
7.725191022673774666e-02
7.972078029344592531e-02
7.550151890262075949e-02
7.916307201010254480e-02
7.685812540632737389e-02
7.885464724100331446e-02
7.837025018779146535e-02
7.894618766810562738e-02
8.119853901366372306e-02
7.613139635275960326e-02
7.798940629084157028e-02
7.700933701227731520e-02
7.670316681500315148e-02
7.665858871693700949e-02
7.758424333650497384e-02
7.725893001968377194e-02
7.473024413918817610e-02
7.625793444025480428e-02
7.584107352805005697e-02
7.555772625648513041e-02
7.638565017195773910e-02
7.863925880767233534e-02
7.957656238053713305e-02
7.675921490184076101e-02
8.019041895557178778e-02
7.983768967429405450e-02
8.600233418405933694e-02
7.757896750883644388e-02
7.667706333178356259e-02
8.077560784805069838e-02
7.999042098792984168e-02
8.047253121846049961e-02
7.812477108584080232e-02
7.932386306945084231e-02
8.422130286830104007e-02
8.033002063948931071e-02
8.000787385080361525e-02
8.256641292668748244e-02
8.074580456121475958e-02
8.042117672259418981e-02
7.780782978816129514e-02
8.888328976744341858e-02
8.221840347416524419e-02
7.779598208200240450e-02
9.299376048213783830e-02
7.707321212661114029e-02
7.612143547797264875e-02
8.182835045722794409e-02
8.790458537581896659e-02
7.636520772854191175e-02
7.830882786882811808e-02
7.961548803625570492e-02
8.667067381988396990e-02
8.368402893307683166e-02
8.364040723746901662e-02
8.146408805050031621e-02
8.305813123181741975e-02
8.714493812458273814e-02
8.575083088583937418e-02
8.046978663942347398e-02
8.345786098103544215e-02
7.953383744404357580e-02
7.818483362962218297e-02
8.191603705225036780e-02
8.780968533201699566e-02
7.740195024848138539e-02
7.854593410262640518e-02
8.271300876046956685e-02
8.048150945304571868e-02
7.873826692142862904e-02
8.073025708677342149e-02
7.769555966598322427e-02
7.940684340401728269e-02
8.219128342456630265e-02
9.080936925040658525e-02
8.030945446874504512e-02
8.443213826989495741e-02
7.412763359226196003e-02
7.760636956282918053e-02
7.648463751603686023e-02
7.858780099420809018e-02
8.342996936856246493e-02
7.504661342738691565e-02
7.837711848740468168e-02
8.414726256582147346e-02
8.103116595842138614e-02
8.194214458003876156e-02
7.930181293102081530e-02
7.388700578582747813e-02
9.124227639180296223e-02
7.856591999284627537e-02
8.219453220392741732e-02
8.657516563467992921e-02
7.708450407483004307e-02
8.285285822491481045e-02
8.020264010232826257e-02
7.522264358304411869e-02
7.622217001110684342e-02
7.729583469066671209e-02
7.701679023730116647e-02
8.009860503509538820e-02
8.784634435819876908e-02
7.381145812440144394e-02
8.104585080672212227e-02
8.100458110510654064e-02
7.910271537255407492e-02
8.321009450827077103e-02
7.423325032665775702e-02
7.695345416569918107e-02
7.704769587613499726e-02
8.027332527959948894e-02
8.060312660615351343e-02
7.870675993507428303e-02
7.820490886466355263e-02
7.354525062702280125e-02
7.709224204861961360e-02
7.487822539926577980e-02
7.367646036382027863e-02
7.538509941851304075e-02
7.995861195757567041e-02
8.111328638097167754e-02
7.580725317786593531e-02
7.830261014406400544e-02
7.212807412769531301e-02
7.865214642565651615e-02
7.178765043536514123e-02
7.405632472500331409e-02
7.730226439027229612e-02
7.105387047409253420e-02
7.720774152260331813e-02
7.452296503808300554e-02
7.941195701091771642e-02
7.293134654493557689e-02
7.510561163497123105e-02
7.454142352428302920e-02
7.865664953547732430e-02
7.494698218896664321e-02
7.187146425894433421e-02
7.632991120578555555e-02
7.166369269815356380e-02
7.173550687350924160e-02
7.521947178105234388e-02
7.939172052725571027e-02
7.218255245924978802e-02
7.416915220434880385e-02
7.096985383453355278e-02
7.577628124846777502e-02
7.732548503703925991e-02
7.973401840284752295e-02
7.888453441911233432e-02
7.853988016581811560e-02
8.043222978744088425e-02
7.573342242038674788e-02
7.325226929188019542e-02
7.886904550685722159e-02
7.837235075106149806e-02
7.877264289237070893e-02
7.882980702282446628e-02
8.005370457147317764e-02
7.765602489230663541e-02
7.378368149076355853e-02
7.493007621214856084e-02
7.665577152248112536e-02
7.708888178490833076e-02
7.896105550923435135e-02
7.518498744089199826e-02
7.834901439882455132e-02
7.967009982789916012e-02
7.690028661125367093e-02
7.638408321573522675e-02
7.954142768013158782e-02
8.259562684693924628e-02
7.506820249302950665e-02
7.787952860361821439e-02
7.649098019100078472e-02
7.571698740527829652e-02
7.554290896604379246e-02
7.342726623203307823e-02
7.804254557156650729e-02
7.355617612361811664e-02
7.727538861339541820e-02
7.349401064847824183e-02
7.434373039056238475e-02
7.765610551241916570e-02
7.874533820711901444e-02
7.484596512008959146e-02
8.251091813742136849e-02
7.503364528924258425e-02
7.924072805151907706e-02
7.574142932417179952e-02
7.569975955195037964e-02
7.677179219039206859e-02
7.403888687623086384e-02
7.484615877452513444e-02
7.975216013650385238e-02
7.743337505369182749e-02
7.073265696122951751e-02
7.278430519638703911e-02
7.243443538482871591e-02
7.530832288358776938e-02
7.636631092707665824e-02
7.181566264759833840e-02
7.392991880654306569e-02
6.682834860379058273e-02
7.540280410627994701e-02
7.589649544339024945e-02
7.089759736558723380e-02
7.203324366536864587e-02
7.905698815782655209e-02
7.452354725179796691e-02
7.225523519436696795e-02
7.355800275416510270e-02
7.894885132275372697e-02
7.673820258281946471e-02
7.597614949853545574e-02
7.466932973913456562e-02
7.304613246202609766e-02
7.482731207566192810e-02
7.382695789639623363e-02
7.491464269810840793e-02
7.461673840818047743e-02
7.800735489738649941e-02
7.619842800489937118e-02
7.262432991775488733e-02
7.328347560151646234e-02
6.735289867831531496e-02
7.310149656223721704e-02
6.779618846781867991e-02
7.011141852145127973e-02
6.746556197191624915e-02
6.941220467271122518e-02
6.759575684444454891e-02
6.789357059563635999e-02
6.854833951158781358e-02
7.437886553674763479e-02
7.417518266294545470e-02
7.190426977577293877e-02
7.330225818540983540e-02
7.368367023872610111e-02
7.375084322108790835e-02
7.384075005859033758e-02
7.289972339400316304e-02
7.602504248647037888e-02
7.433285802996583702e-02
7.197028969899654793e-02
8.137063597992807984e-02
7.399042081363108037e-02
7.375519031211166809e-02
7.229500018170417763e-02
7.323737714175743152e-02
7.801062661583649249e-02
7.288937722199392844e-02
7.623313390049168969e-02
7.493201869246993163e-02
7.995737642694911163e-02
7.705483424941503290e-02
8.041560913483514206e-02
7.388521134182556016e-02
7.511505398736331718e-02
7.545568751999179313e-02
7.659884608162409458e-02
7.649419971162636778e-02
7.499632727077279459e-02
7.454251126782794612e-02
7.871146841787798887e-02
7.793404289813485319e-02
7.660460459788431820e-02
7.803374979535121492e-02
7.687061531213018606e-02
7.495477482936802049e-02
7.660272395567258030e-02
7.495384474861808977e-02
8.685150497342314369e-02
7.497113558526934118e-02
7.410744690462314765e-02
7.444305843306694981e-02
7.778260124500305239e-02
7.905487023200297170e-02
7.457390471121871922e-02
7.452616381214140218e-02
8.038521466465303744e-02
7.392508950249333799e-02
7.580681834283045650e-02
7.294691556943458388e-02
7.438379508946331431e-02
7.627180452225990059e-02
7.830796666169410891e-02
7.428611390764408573e-02
7.684413539514588221e-02
7.843805975069483016e-02
7.973453042288575210e-02
7.462448497255913527e-02
7.711277528543877824e-02
7.628809409884458603e-02
7.742664115701634875e-02
7.827070846688949368e-02
7.748746008645468475e-02
7.618272314108986976e-02
7.719224448596306853e-02
7.588191282658054981e-02
7.382397369075037463e-02
7.525219556597026460e-02
7.577335938843131335e-02
7.952867110184119737e-02
8.284920428705896955e-02
7.473213771456471699e-02
7.581765475266932786e-02
7.711066125064944266e-02
7.617536340906408410e-02
7.351395100046888287e-02
7.736323384705826034e-02
7.439222629118909247e-02
7.371792467414782501e-02
7.409667243490161703e-02
7.668029791336489209e-02
7.569534341620673401e-02
7.840074434500285405e-02
7.564410972427457192e-02
8.207284217823865302e-02
7.447227588135317544e-02
7.672523572800989122e-02
7.721537964862699999e-02
7.768954737718444803e-02
7.885017807205546569e-02
7.401077668800944143e-02
7.468125938645032991e-02
7.579165191070676155e-02
7.360221296150606940e-02
7.275562867028240177e-02
7.635726627146761925e-02
7.381775756327350890e-02
7.502790395383436561e-02
7.780272607018079434e-02
7.393939752344688698e-02
7.711458593393055727e-02
7.799406394381497298e-02
7.602160070035698936e-02
7.562950686406919032e-02
7.580278424953064420e-02
7.626223620161043382e-02
7.423455574523492306e-02
7.357321804182848091e-02
7.805414137777130779e-02
7.371413630920276017e-02
7.693157232010772173e-02
7.492683998150448388e-02
7.180669241730386343e-02
8.295858242514961289e-02
7.620229012913157240e-02
7.558114840147237001e-02
7.635318267155874472e-02
7.490143525935047397e-02
7.822621851250882719e-02
7.761710514254485660e-02
7.738742845064539022e-02
7.772331544591273844e-02
7.686351949385802906e-02
7.874152475108450733e-02
7.501371807671800007e-02
7.497301603419112559e-02
7.555945761784652048e-02
7.205714214757821812e-02
7.530309002147292374e-02
7.470289959738282692e-02
7.732210007854098399e-02
7.309431136361019266e-02
7.667658103259009095e-02
7.634024925457691402e-02
7.818882084235087571e-02
7.295874097766705257e-02
7.376693477836435142e-02
7.330911651540270024e-02
7.661475178353191473e-02
7.552371010155592423e-02
7.572072664174575585e-02
7.538397756417306028e-02
7.240372354985599723e-02
7.872071699957869373e-02
7.482141738688460886e-02
7.644094191483744027e-02
7.752805773548540613e-02
7.353007214191562002e-02
7.832266053056813337e-02
7.573942172170411435e-02
7.229257680385448026e-02
7.315493615564269692e-02
7.484834915501123453e-02
7.526333206921778651e-02
7.660042330081603956e-02
7.454262286877502697e-02
7.556151140200059735e-02
7.586081260283286665e-02
7.722501716714250120e-02
7.649079966803465358e-02
7.648223892294434001e-02
8.250165156096342378e-02
7.567720111218109724e-02
7.535968616836904999e-02
7.356361478058756620e-02
7.407861231942863833e-02
7.920963745304890335e-02
7.596395395724628297e-02
7.389897237537476626e-02
7.510274724065782448e-02
7.701744846904565178e-02
7.639825731967764266e-02
7.447939940389119995e-02
7.301380260638437592e-02
7.447145812324520997e-02
8.016144997983157272e-02
7.533634108651662831e-02
7.722670632503783605e-02
7.974439386836543187e-02
7.249031140254436067e-02
7.905199434840656791e-02
7.729381345243183099e-02
7.421835982729718673e-02
7.522353438477416554e-02
7.856942247610973484e-02
7.274566113842775850e-02
7.865034808764373442e-02
7.227189240893158728e-02
7.359529626149929893e-02
7.984893737318263240e-02
7.857207052255779645e-02
7.689586560307434815e-02
7.359388855020468356e-02
7.241220003862011700e-02
8.077436507699617407e-02
7.794037200627648709e-02
7.547442129391421228e-02
7.600286468290620712e-02
8.823949285010276866e-02
7.472131021249192595e-02
8.395180839860572064e-02
7.858997861201591495e-02
7.856265982054788655e-02
8.110274856318192005e-02
7.353737813143507163e-02
7.597432387670763343e-02
7.625533696791483851e-02
7.921577511184893505e-02
8.016590214212962473e-02
7.627157676401247199e-02
7.479715644452347711e-02
8.008301422030952854e-02
7.389561196329069714e-02
7.326524623608904330e-02
7.808583559584472700e-02
7.232787156087032432e-02
7.656073129124843502e-02
7.827841195499124494e-02
7.731294089604665021e-02
7.992954482538824901e-02
7.444440864009671532e-02
8.592479548105838583e-02
8.842870660781695924e-02
8.032825010511199237e-02
8.164801577586364156e-02
7.314954187952490972e-02
7.439459951576857244e-02
7.876401655193057683e-02
7.576110511283232207e-02
8.032599302605067382e-02
7.570599541584624448e-02
7.916181214752759931e-02
7.858862369145189208e-02
8.267904041202644994e-02
7.390512066693671889e-02
7.489477831722071710e-02
7.427155269765615964e-02
7.406236655217614262e-02
7.376590835608484720e-02
7.665540095703363144e-02
7.326762796559072033e-02
7.098245888186220653e-02
7.257823482386638325e-02
6.821471524869067438e-02
7.951181753596828217e-02
8.145472453564653326e-02
8.243476772878907677e-02
7.838115704839579423e-02
8.154306133009228685e-02
7.328854884341429177e-02
7.101327388266026608e-02
7.363271622303041442e-02
7.375964085720430885e-02
7.349227673642325098e-02
7.591032043720521982e-02
7.350334603566335834e-02
7.415570778205696212e-02
7.775217953933252768e-02
7.902686895356567098e-02
7.518989868514611152e-02
8.332136684723992492e-02
7.666048296747354773e-02
8.400878142037224161e-02
7.572236425132786164e-02
7.392359044219895536e-02
7.378856086530941050e-02
7.570173530772109083e-02
7.392990299366405949e-02
7.781270055882225090e-02
7.610491522042220347e-02
7.685611009562545726e-02
7.726017237229590440e-02
7.394241105870422159e-02
8.576682161970014540e-02
7.611735879305300823e-02
8.194529240800288439e-02
8.119435283928791436e-02
7.773870529169471522e-02
7.911980983318919747e-02
7.559805043497661026e-02
7.336685615005042460e-02
7.720368622195164510e-02
7.717856547952758883e-02
7.727481404852928892e-02
7.586976906894368766e-02
7.579979764686892163e-02
7.776011433788573846e-02
7.730713063825386810e-02
8.283837250940076502e-02
9.636699661784295379e-02
7.879464399825794607e-02
6.813145481129337377e-02
7.170972495439500993e-02
7.334400008441407937e-02
7.965554547276695874e-02
7.928506848003349927e-02
7.387056790868587464e-02
7.708937860102058059e-02
8.023275455544490176e-02
7.833267779600525116e-02
7.524777214571429229e-02
7.612839570747506612e-02
8.184935493232878279e-02
8.801201605908845482e-02
8.196301504391848014e-02
7.785966196541074802e-02
7.898863825587090770e-02
8.321026657566729656e-02
7.877495460827294016e-02
8.215628626235152443e-02
8.897283197914571118e-02
7.313048643979738750e-02
7.849914507909916406e-02
7.546874403481781957e-02
8.791383541817407443e-02
7.629173791976831542e-02
8.816086893812638547e-02
7.707674741715520028e-02
8.210672961664863823e-02
8.613138337675321776e-02
8.497977645160229021e-02
8.758830285501592594e-02
8.886721378758419276e-02
7.657700835191963429e-02
7.393635448584132130e-02
7.412719564027744901e-02
7.718303158942366182e-02
7.287662648768589158e-02
7.784413104944296058e-02
8.174142464753395010e-02
7.591324423657738740e-02
7.535895411752549511e-02
7.547464118095212338e-02
7.500706034445717152e-02
7.385191155433565302e-02
7.412698742724485590e-02
7.363255441565411119e-02
7.726939531133855676e-02
7.370665778775289945e-02
7.416114448085805999e-02
7.340530867369690626e-02
7.376145775572554020e-02
7.197822277433799099e-02
7.620754870064860853e-02
7.606874896083795634e-02
7.579493658400646150e-02
7.363181405417248970e-02
7.435157256257565739e-02
7.609448332873294807e-02
7.466920956919911867e-02
7.866142607813828014e-02
7.828804550096288284e-02
7.528968187007212265e-02
7.715815864849537298e-02
7.645056063142877112e-02
7.601746736127060200e-02
7.879060319993744232e-02
7.543773187781113720e-02
7.558210673691070913e-02
7.792482699619138198e-02
7.727091662983845421e-02
8.942367895840805381e-02
8.763120898621010180e-02
7.412707678088145680e-02
7.448127736120252473e-02
7.656742283487089074e-02
8.150849835851900482e-02
8.143413737886326387e-02
7.779780953524870202e-02
7.752802923612581165e-02
7.535569994946458849e-02
7.664087617125495133e-02
7.768873951542484835e-02
7.617156374316549905e-02
7.475298186111520304e-02
7.769628114865564927e-02
7.500131787021582785e-02
7.778941311157158700e-02
7.764577633674282775e-02
7.478531730526274957e-02
7.723092033697556702e-02
7.548485466924639842e-02
7.786750338423883977e-02
7.849081726269505066e-02
7.647752661124840312e-02
7.536586699324440697e-02
7.529750312772551246e-02
8.464149848273747057e-02
7.660767726140155220e-02
7.596080976934030393e-02
8.130528470451744982e-02
7.712627071433797443e-02
8.168894571756410428e-02
7.631351822334195290e-02
7.941520945813249077e-02
7.845357247959930391e-02
7.636260343324183242e-02
8.088404956779873811e-02
7.755773926622636094e-02
8.062612241088260023e-02
7.798849388574283226e-02
7.818681625686405012e-02
7.870169446813882197e-02
7.968892702822236163e-02
8.096859688939581079e-02
8.032224350590286277e-02
7.975628765017026001e-02
8.398197515131841651e-02
7.692895820168829668e-02
7.137706369905974513e-02
8.029781428772808649e-02
7.432987977102303856e-02
7.428916289273929108e-02
7.580575649003376548e-02
7.216686057132309928e-02
7.583487975828784311e-02
6.975544294663846290e-02
7.533497155218316088e-02
7.153703554196394476e-02
7.229633197401030831e-02
7.411333847355192073e-02
7.382838848505679508e-02
7.135729532448381596e-02
7.550550052912366472e-02
7.140293022094945652e-02
7.464962584309181581e-02
7.386734638429481858e-02
7.261072143759506048e-02
7.153653041252644451e-02
7.457078996481747435e-02
7.095567659702570196e-02
6.972560150198339746e-02
7.073766169893078160e-02
7.583446088732764823e-02
7.182885134808292271e-02
7.608998057109439550e-02
7.286831416831993091e-02
7.280219397927492619e-02
7.397069519649507319e-02
7.172833145187287873e-02
7.052821076918014409e-02
7.461759177011878519e-02
7.344909624141068849e-02
6.969332117272022953e-02
7.070727526155670684e-02
7.134091161488395616e-02
6.997125400670831108e-02
7.647084154639391396e-02
7.177690386938934131e-02
7.205997880947745404e-02
7.786698913971523694e-02
7.467587058068084205e-02
7.107381745745006141e-02
7.123723411932475491e-02
7.701514494874739380e-02
7.476288703026423565e-02
7.131415282235650799e-02
7.200681751883769577e-02
7.314630330152480098e-02
7.574825794483855401e-02
7.810035113356147973e-02
7.985576379244457845e-02
7.713982949269349021e-02
7.278877911489042840e-02
7.484817650387698418e-02
7.500882434393538190e-02
7.443798992880126808e-02
7.904128693689801977e-02
7.846600323591232384e-02
7.444019462437817536e-02
6.970029237000022193e-02
7.254868389182439481e-02
7.229941092639111111e-02
7.211754353681004703e-02
7.152230271872506151e-02
7.044375792207571707e-02
7.593335617230995149e-02
7.257818547847094681e-02
7.256360546174400739e-02
7.252123909333715868e-02
7.366579584336663267e-02
8.139953425111970398e-02
7.461183392375847490e-02
7.302126957869781165e-02
7.391832128601069640e-02
7.157654191569701174e-02
7.426765895280787455e-02
7.150323543788589253e-02
7.130972413054681436e-02
7.460284510190856588e-02
7.221031193722154962e-02
7.947105510898136438e-02
7.656737336162314222e-02
7.193731245966070165e-02
7.677388587068847969e-02
7.142773921674305804e-02
7.319471899926180414e-02
7.816695032648274255e-02
7.605260863946977645e-02
7.625467539888797219e-02
7.522300223247307960e-02
7.521949617432593937e-02
7.841407960140528433e-02
7.521763306348819289e-02
7.280721250530031163e-02
7.294635436394916739e-02
7.365255492820405037e-02
7.161288951339006559e-02
7.273708953859753246e-02
7.406436705180241553e-02
7.961715582290648796e-02
7.448290479732999625e-02
8.022399427776077951e-02
7.500205272612814333e-02
7.857470012299730411e-02
7.348615010582598694e-02
8.120724857558553333e-02
7.493696826725246285e-02
7.455250051675632594e-02
7.358831838164275885e-02
7.361738325531486105e-02
7.452975977389411644e-02
7.267641664018792413e-02
7.287540851741805548e-02
7.328753065030393921e-02
8.035568370836571050e-02
7.335607082961079217e-02
7.779997068466368293e-02
7.242478608730265610e-02
7.771957108576710294e-02
7.642261995244922779e-02
8.024173757679267660e-02
8.085528984668000074e-02
7.584465679573357266e-02
7.779894944967927217e-02
7.661458944121507519e-02
7.558490617450275284e-02
8.111302204020789941e-02
7.909715689623159074e-02
7.540055308434875925e-02
7.242919191626109865e-02
7.353839411120832725e-02
7.345312935247416686e-02
7.351905196600966308e-02
7.797364491662167607e-02
7.689669391310927082e-02
7.706793372121389929e-02
7.451306710280503065e-02
7.219822420058005785e-02
7.683386537928851845e-02
7.273996853812650376e-02
7.533182807460087060e-02
7.408873852343947353e-02
7.630694326030099117e-02
8.153982185000863137e-02
7.490454280391500852e-02
7.636995037127783381e-02
7.821139274540328534e-02
7.404405546893996770e-02
7.355927486721214326e-02
7.525611301137682951e-02
7.447231712961155381e-02
7.439304449885950077e-02
7.386877237379801953e-02
8.143913741102909443e-02
7.324175253627385196e-02
7.334556942266928781e-02
7.580745017447135248e-02
7.855978000721583476e-02
7.823644909638013956e-02
8.193405029900163727e-02
8.148322598649546111e-02
7.837424702089265671e-02
7.856487899051933788e-02
8.023881521018985663e-02
7.707406990227236299e-02
9.025640808100118817e-02
7.853483072104652796e-02
8.688169288328964623e-02
8.281246721489057827e-02
8.717363490869536879e-02
1.003291153535275926e-01
9.924727345372516552e-02
9.999906994231774759e-02
8.592142722982051839e-02
7.941820612806910207e-02
7.254657361463420773e-02
8.224708180030845805e-02
7.459850237857426625e-02
8.234300359086588195e-02
7.621394966961808626e-02
7.944755660887672932e-02
8.833919930138903198e-02
8.757253001543116588e-02
8.168797366249921921e-02
7.751731227324945572e-02
8.103307062151218765e-02
7.395257772623090031e-02
7.853576518927171679e-02
8.435005177369805929e-02
7.629803500117840476e-02
7.537607639376919799e-02
8.071805061360776135e-02
7.854641803086898078e-02
7.986671426676419938e-02
7.729916819948734474e-02
7.501908685817657019e-02
7.475538467906986395e-02
7.246615509185405646e-02
7.643943182311624396e-02
7.163280187960960332e-02
7.278457539861385439e-02
8.169451036792096943e-02
7.462587479312066119e-02
8.604089093232261676e-02
8.148531138330464274e-02
8.173230158855065985e-02
7.570342713169461724e-02
7.469569642366447049e-02
7.818357364618741534e-02
8.659249033214674873e-02
8.398392781203747881e-02
7.815371536035387035e-02
8.132897373852857048e-02
8.175389629401233482e-02
8.135603785859293891e-02
7.594819007374820075e-02
8.797343060831255834e-02
8.141448940218401487e-02
8.195195394745272144e-02
8.020608208177826270e-02
8.026762258763067703e-02
8.645555117072514784e-02
8.093417191715829295e-02
8.068871889906301109e-02
8.194938342200183690e-02
8.272589286442091905e-02
8.512405434203965116e-02
7.996798905286131576e-02
7.613054241060246419e-02
8.117659665503515476e-02
7.790182178073243313e-02
8.395616635168776098e-02
7.573473651384302063e-02
8.176712661362309231e-02
7.799405914133233919e-02
8.093640537646726307e-02
7.454732175516834425e-02
8.153802467772916507e-02
7.793413588705536132e-02
9.115257062138723554e-02
8.252700525171394186e-02
8.430503367939193304e-02
7.956262743943223748e-02
7.918048781306649686e-02
8.074756169052618726e-02
8.335053601569938908e-02
7.907753000213879613e-02
8.517994702866341084e-02
8.420854141540487503e-02
7.496757603702480788e-02
7.550362082451561596e-02
7.602475704085806529e-02
8.275477538374789721e-02
7.632089127485944258e-02
7.382595388593563013e-02
7.379781406146251888e-02
7.250493463517274084e-02
7.264373222557568566e-02
7.477718694435384061e-02
7.746789084759417299e-02
7.413042651117277004e-02
8.240977999293325196e-02
7.314166390043017052e-02
8.117664310740949074e-02
7.548031392527534966e-02
8.106918854069955493e-02
7.557752589264954413e-02
7.228626662681245096e-02
7.459094576935360044e-02
7.415718803880866350e-02
7.791676212671758139e-02
7.499751147574257315e-02
7.431063698617448865e-02
7.316878358592646125e-02
7.112223443395328248e-02
8.078457139758637995e-02
7.497720693035114792e-02
8.141657513129471613e-02
8.493969192893777165e-02
8.293105078114290651e-02
8.760115009717125978e-02
8.568189125498457126e-02
7.455721985130778218e-02
7.762139575296930771e-02
8.399025218789876734e-02
8.398646496234726810e-02
8.418496776960812666e-02
7.797479063360571172e-02
7.848372547923235243e-02
7.829220323912708390e-02
8.737524589354075943e-02
7.905398021034518163e-02
7.868988216828967652e-02
7.580403084275891268e-02
7.650306053845873366e-02
7.693851023751732687e-02
8.249306673099693343e-02
7.825773990093815025e-02
7.698386547139157710e-02
8.695278044963014596e-02
7.986555594993241525e-02
7.773768498902908219e-02
7.860520467512624454e-02
7.972093932888005274e-02
8.095164844566310469e-02
8.340608529518381276e-02
7.636718497153202612e-02
8.545180722131942574e-02
7.598263142461525455e-02
8.432642202293016975e-02
7.739381051001428813e-02
7.739415929445497833e-02
7.839896373952931485e-02
7.941854569062273272e-02
7.986943582548033937e-02
8.196478551805644330e-02
7.782783057320022402e-02
7.848613130428089280e-02
7.692084315189048893e-02
7.388752530723760592e-02
7.334319801656977167e-02
8.384266301434992186e-02
8.238825226282489589e-02
7.469028875206265572e-02
7.700292384362039666e-02
8.558747012946060773e-02
8.115814040057789391e-02
8.204288880043536514e-02
7.721593262881318309e-02
7.591495421828689527e-02
7.279170122981401536e-02
8.318469400074807174e-02
8.333179163491233332e-02
7.986706557866213307e-02
7.686788985068657154e-02
7.545065246680290882e-02
7.478952709506492269e-02
7.413690584478629941e-02
7.518718600955723308e-02
7.759384581429140670e-02
9.273106484408213945e-02
7.582187019095060210e-02
8.799262522201137249e-02
7.552045273701213368e-02
7.615572147038918160e-02
8.131490930449991605e-02
8.634771518758496689e-02
9.109654520664470234e-02
7.739942503844618460e-02
7.558738633663752982e-02
7.802329833185972507e-02
7.612449172173961498e-02
7.355458204873382977e-02
7.089114684370338704e-02
7.145168012877992081e-02
7.184010163045372044e-02
8.039934913581345266e-02
8.440329711931515710e-02
7.259905555459436610e-02
7.717536570668470652e-02
7.461447519678768292e-02
7.366799341026977754e-02
7.528306967179729248e-02
7.481772874394754247e-02
7.233042872875455886e-02
7.742269243030763803e-02
7.988525921595049373e-02
8.033124052154549943e-02
7.469461101627439259e-02
7.225165119720988738e-02
7.127211761651949806e-02
7.146282821664648455e-02
7.302444413738806706e-02
7.311307180604803557e-02
7.659135633641261931e-02
7.226033727930261663e-02
7.492424296105398840e-02
7.183329027952858881e-02
7.653870040791135865e-02
7.213292205114799072e-02
7.430498833719545448e-02
7.559968792289495365e-02
7.430987331462256262e-02
7.352314533881976200e-02
7.385844531530022516e-02
7.343773830787553303e-02
7.768836319947045044e-02
7.758291841493505925e-02
7.523374764019963301e-02
7.429165278232446878e-02
7.780821656407671538e-02
7.254479722290485544e-02
7.731955534422785270e-02
8.179474459814012333e-02
9.670767466586124850e-02
9.008740304942611243e-02
8.191387033756733493e-02
7.439094002727431043e-02
7.710098895568404109e-02
7.741430950464284200e-02
7.720509405633774191e-02
7.769652509173952115e-02
7.895668248709183934e-02
7.899547643063969948e-02
7.581460445031346085e-02
7.578155033261171902e-02
8.403362277377987577e-02
7.690902492380619071e-02
7.946948084270996637e-02
7.962753315592988046e-02
8.684175571204497124e-02
8.409651925191269362e-02
8.036620562451562977e-02
8.041265994887134005e-02
7.364083695709525146e-02
8.485433903021025182e-02
8.301573124591318797e-02
7.598389910322395080e-02
7.680355286784198987e-02
7.768858051036028889e-02
7.923431966543681426e-02
7.845395945025274154e-02
7.825587336500960944e-02
7.477304705181847533e-02
8.354597511133723953e-02
7.714234795305763281e-02
8.214932924400988878e-02
7.483919703439481652e-02
7.566419559186421395e-02
8.775765254186160269e-02
8.417590221082832391e-02
8.395781713631592091e-02
8.316654538090348381e-02
7.599867203608404176e-02
7.739778347204054332e-02
7.545307802371770123e-02
7.404205185777401610e-02
7.506732712797808960e-02
8.106977104645779475e-02
8.281094280643760963e-02
7.782173191079996832e-02
7.908122027326960901e-02
7.884654077818351037e-02
7.798556507579226804e-02
8.684823198009469780e-02
8.247487160587244071e-02
7.864138940914006115e-02
8.234710539689110709e-02
8.722209049955206850e-02
8.576979065544615422e-02
7.881976326491210716e-02
8.075823275081744912e-02
7.572894518993789070e-02
9.029983595806681529e-02
8.673505719133181580e-02
8.179560206998467975e-02
8.862416093177369336e-02
7.387188985990536527e-02
7.249708261983034419e-02
9.037628680749357213e-02
8.426437847011006288e-02
7.195827346086502985e-02
9.620083223555717100e-02
7.720829535335910210e-02
7.320454503795026380e-02
7.411923871751011084e-02
7.297422558612073895e-02
7.425576684644197289e-02
7.081574938137355502e-02
7.499682615130767727e-02
7.183164630658847583e-02
7.605960135870165617e-02
7.822794306121591545e-02
7.111135423600536964e-02
7.315765346262995128e-02
7.148542438025737300e-02
7.921454946698744393e-02
7.485365973982011090e-02
7.233551792129289115e-02
7.608291040142714512e-02
7.117108119976228719e-02
7.105622536192199301e-02
7.424577363284831644e-02
7.087321671284380065e-02
7.251702155640740721e-02
7.437273376418748749e-02
7.273887080910002023e-02
7.491612620867299510e-02
7.332105383943446353e-02
7.874939590580481985e-02
7.367084220028771724e-02
7.734075565796622032e-02
7.360578672855797033e-02
8.160109818802196990e-02
9.043859003472756730e-02
