-0.80369
-0.89690
-0.63534
-1.00876
-0.18258
-1.36906
-1.03665
-1.01031
-1.09933
-1.11182
-0.42907
-0.69821
-1.15549
-0.61747
-0.50213
-0.46576
-0.43373
-0.65731
-0.75473
-0.85054
-0.34325
-0.80071
-0.58194
-0.83797
-0.23495
-0.54241
-0.85073
-0.74967
-0.74091
-0.39688
-0.47285
-1.20518
-1.06415
-1.37628
-0.82846
-0.68081
-0.97255
-0.70181
-0.29591
-1.18887
-0.86803
-0.85537
-0.12586
-0.75247
-0.49250
-0.65058
-0.77717
-0.71181
-0.93384
-0.69677
-0.69493
-0.75300
-0.67972
-0.98674
-0.83494
-1.48252
-0.18852
-0.95935
-1.69129
-1.20403
-0.86327
-0.62203
-1.29551
-0.84575
-0.67183
-0.92109
-1.20984
-1.11684
-1.24546
-0.67052
-0.90193
-0.95782
-1.13498
-1.32767
-1.05398
-0.80426
-1.31193
-0.97727
-1.15161
-0.18893
-1.10733
0.05637
-1.39914
-0.82563
-0.55215
-1.03142
-1.12697
-1.25792
-0.98550
-0.60199
-0.79721
-0.71689
-0.97366
-1.46572
-1.17708
-0.98042
-0.65106
-1.22247
-0.82337
-1.18488
-0.68182
-1.19163
-0.28299
-1.09448
-0.32172
-0.75216
-0.99201
-1.48555
-0.92476
-0.97215
-0.98625
-1.24580
-0.56200
-1.22823
-1.65904
-0.78826
-0.40141
-0.96056
-0.82824
-0.94682
-0.55594
-0.59390
-0.66426
-0.64869
-0.80385
-1.28253
-1.09838
-1.37064
-1.17142
-1.29289
-0.22620
-0.73464
-1.43168
-0.66613
-0.55100
-0.54463
-0.83954
-0.71145
-0.50694
-0.76266
-1.54076
-0.69744
-0.90262
-0.32202
-1.05335
-0.84962
-1.12642
-0.70516
-0.99178
-0.62671
-0.93265
-0.86855
-1.06762
-0.91076
-0.90266
-0.85334
-0.96115
-0.84317
-0.79992
-1.09671
-1.18702
-0.77114
-1.34133
-0.60687
-0.84421
-1.07110
-0.20306
-0.97841
-0.30970
-0.85316
-0.83981
-0.66770
-0.87917
-0.58375
-0.93114
-0.70834
-0.11962
-1.21234
-1.49271
-1.23164
-1.46412
-1.23345
-0.67022
-1.20110
-1.14138
-0.98255
-1.27550
-0.74420
-1.03507
-0.79457
-1.06485
-1.26412
-1.02584
-1.09645
-1.44246
-1.17440
-1.09494
-1.02097
-1.10184
-0.76614
-1.48217
-0.89122
-1.02177
-1.10190
-1.04064
-1.01207
-1.14428
-1.27220
-1.08576
-1.03333
-0.93451
-1.07752
-1.06160
-0.90849
-0.66132
-0.70211
-0.54105
-0.95604
-1.11760
-0.61867
-1.04744
-0.77982
-0.73112
-1.00393
-0.76615
-0.89979
-0.52074
-0.77535
-0.65302
-0.95234
-0.90724
-1.13127
-0.75362
-0.56693
-0.79734
-0.89273
-0.66291
-0.57656
-0.98209
-0.35238
-0.91846
-0.88491
-0.89099
-0.77115
-1.07036
-0.73687
-0.39120
-0.81885
-0.98099
-1.17749
-0.98486
-0.69811
-1.11633
-1.05335
-0.96926
-0.80213
-0.98975
-0.63749
-1.09679
-1.05682
-1.25126
-0.54650
-0.44989
-0.58832
-0.82160
-0.41691
-0.36318
-0.90986
-0.91151
-1.56682
-1.06757
-0.80953
-1.12469
0.16299
-1.33011
-0.71371
-1.30413
-0.87259
-1.36671
-1.39255
-1.23898
-1.20412
-0.94256
-1.18884
-1.47526
-1.44260
-0.99116
-0.79069
-1.42457
-1.62164
-0.97061
-1.46294
-1.05662
-1.19721
-1.40198
-1.35754
-1.19118
-0.82222
-1.34265
-1.27777
-1.08575
-1.14465
-1.27451
-1.19265
-1.05243
-1.11782
-0.95370
-0.96516
-1.18706
-0.89963
-0.66285
-0.91543
-0.66132
-0.62511
-1.12736
-0.68048
-0.69194
-1.15935
-0.88234
-0.86579
-1.16333
-1.11504
-0.98155
-1.19576
-1.04880
-1.21071
-1.30564
-0.77997
-1.10222
-1.12815
-0.96428
-1.39538
-1.31817
-0.58901
-1.08230
-0.56673
-1.17316
-1.27435
-0.93341
-1.07964
-1.12373
-0.98752
-0.65690
-1.24651
-0.78293
-0.77530
-1.23045
-1.05112
-0.81130
-0.99588
-1.11233
-1.07971
-0.99235
-1.16969
-1.18242
-0.93731
-1.03337
-1.10947
-0.95845
-0.77530
-0.93339
-0.98106
-1.21099
-1.31729
-1.00602
-0.78879
-1.05946
-1.10959
-1.43541
-1.11375
-0.98800
-1.05024
-1.16607
-1.00897
-0.97855
-1.15926
-1.41242
-1.29834
-1.25883
-0.83670
-1.56801
-0.94390
-0.71358
-1.26724
-1.21495
-1.10449
-0.74576
-0.99919
-0.89937
-1.08722
-1.09243
-1.48146
-1.30340
-1.46773
-1.36084
-0.75843
-1.12034
-0.93139
-1.25858
-1.27627
-0.72539
-1.37994
-0.81793
-0.94759
-1.05934
-1.15208
-1.16376
-1.33027
-0.85743
-0.48996
-1.23143
-1.06353
-1.04117
-0.97322
-0.87794
-0.93375
-0.93465
-1.05076
-0.91763
-0.95352
-1.29827
-1.04433
-0.52383
-0.67759
-1.04084
-0.68010
-0.72181
-1.30461
-0.92442
-0.58221
-0.83390
-0.82327
-0.99041
-1.11722
-0.86774
-0.85016
-1.00538
-0.82010
-0.53033
-1.09431
-0.87149
-1.28928
-0.22906
-0.84486
-1.17303
-0.60871
-0.70522
-0.64829
-0.44922
-1.34694
-0.73204
-0.89725
-0.90261
-0.62588
-0.50894
-0.53602
-1.14139
-0.66145
-1.18032
-0.14848
-0.78048
-0.84689
-1.02826
-0.42224
-0.91576
-0.25172
-1.10480
-0.47811
-1.19535
-0.43928
-0.88660
-1.06500
-0.76172
-0.98073
-0.82096
-1.11386
-0.69936
-1.01510
-1.20097
-0.50209
-1.02587
-0.80729
-0.75755
-0.89086
-1.58989
-1.58400
-0.95334
-1.33007
-1.54232
-0.79369
-1.13390
-0.64953
-0.55258
-1.08917
-0.65625
-1.10809
-1.45818
-1.31105
-1.28614
-0.98779
-1.40189
-1.13647
-0.95293
-1.15303
-0.59659
-0.97605
-1.15916
-0.67043
-0.57224
-0.77528
-0.56423
-0.94067
-0.57136
-0.87998
-0.66426
-1.23037
-0.97757
-0.52842
-0.70367
-0.69391
-1.07734
-0.21030
-0.43434
-0.54487
-0.07419
-0.84176
-1.05692
-0.80277
-0.34615
-0.57080
-1.10400
-0.96216
-1.19155
-0.97512
-0.89975
-0.78016
-0.89200
-0.71926
-0.62169
-0.63046
-1.00530
-0.73925
-0.41898
-0.81864
-0.45385
-0.95856
-0.72411
-1.29864
-0.58583
-0.68992
-1.04308
-0.78383
-0.83865
-0.51147
-1.22064
-0.62762
-0.29499
-0.99026
-0.70085
-0.46067
-0.18158
-0.66490
-0.46741
-0.24274
-1.00985
-0.32263
-1.05634
-0.45799
-0.62930
-0.32564
-0.40726
-1.02775
-0.67036
-0.65083
-0.91115
-1.00479
-1.09166
-0.35214
-0.76730
-1.28460
-1.33525
-0.73539
-1.22953
-0.58111
-1.08129
-1.16866
-0.99927
-1.02132
-0.80395
-1.00215
-0.44845
-0.90709
-0.73060
-0.45928
-0.78377
-0.60464
-1.59720
-0.83140
-0.83352
-1.28289
-0.94850
-0.90932
-1.01412
-1.20235
-1.31211
-0.78404
-0.96499
-1.08371
-0.92347
-1.36408
-1.09816
-1.13942
-0.57725
-0.91566
-0.58157
-1.41324
-1.10824
-0.15006
-1.26882
-1.36942
-1.18197
-1.22179
-1.07713
-0.74176
-0.98811
-1.09451
-0.35775
1.33820
1.90341
-0.83389
-0.91509
-1.05810
-0.58024
-1.05160
-0.81128
-0.44278
-0.51843
-0.42573
-0.70419
-0.66531
-1.65153
-1.42927
-1.73992
-0.62970
-1.13989
-0.81044
-1.07623
-1.02072
-1.12696
-1.23061
-1.10665
-0.99061
-0.49317
-0.45403
-0.84129
-0.85282
-0.88279
-0.49490
-1.08749
-1.25230
-1.51489
-1.66684
-1.06433
-0.85676
-0.79960
-0.75537
-0.60668
-0.54234
-0.69324
-0.83079
-0.63770
-1.03403
-0.69637
-0.37316
-0.67993
-0.85972
-0.96728
-0.48519
-0.40815
-0.13055
-0.89864
-0.86708
-0.57909
-0.82742
-0.51168
-1.10146
-0.72724
-1.07485
-0.88403
-1.35161
-0.96076
-0.87543
-0.93140
-0.87122
-1.39634
-1.03930
-0.86421
-0.71476
-1.26352
-0.95878
-0.99275
-0.82109
-0.94646
-0.79776
-0.58988
-0.92008
-0.71815
-0.87131
-0.70856
-0.83070
-1.01596
-0.83729
-0.63608
-0.93096
-1.06961
-0.78796
-0.41249
-0.60598
-1.11231
-0.99647
-0.98084
-1.08570
-0.68062
-0.49986
-0.42469
-0.52066
-0.61683
-0.51204
-0.32518
-0.46224
-0.67944
-0.32957
-0.49041
-0.33776
-0.28116
-0.43541
-0.66198
-0.55219
-0.59277
-0.70825
-1.06188
-0.48639
-0.72419
-0.20418
-0.63916
-0.50109
-0.54070
-0.44559
-1.09235
-0.98061
-1.25495
-1.22097
-0.67744
-0.95936
-0.41693
-0.75801
-0.62239
-0.81285
-0.78013
-0.66918
-0.56086
-0.81088
-0.85546
-0.94937
-1.18363
-0.75592
-0.94801
-0.88940
-0.73984
-0.75222
-0.52007
-0.79225
-0.25917
-0.91368
-1.19260
-0.99655
-0.96038
-0.51721
-0.56740
-0.45934
-0.99686
-0.61575
-0.65100
-0.67217
-1.04173
-0.26462
0.34298
-0.61538
-0.37256
-0.85007
-0.23190
-0.33069
-0.29889
-0.77045
-0.79829
-0.18810
-0.35697
-0.38305
-0.25882
-0.35095
1.13685
-0.20994
-0.82423
-0.41719
-0.31064
-0.39911
-0.56262
-0.65367
-0.58421
-0.62103
-0.85976
-0.63408
-0.81658
-0.43313
-0.42675
-0.51149
-0.36443
-0.52083
-0.77198
-0.65603
-0.71043
-0.20581
-0.36526
-0.30222
-0.49689
-0.93220
-0.80145
-0.64461
-0.71225
-0.50569
-0.80364
-0.53647
-0.37650
0.86137
1.43057
1.84952
1.74135
1.95679
1.39148
1.25256
0.44670
1.82002
1.31637
1.24778
0.91787
1.07077
1.77867
0.78146
0.84351
0.96740
1.25166
0.73773
1.34802
1.31063
0.41471
0.47058
1.00112
1.48974
1.03914
0.97982
1.36931
1.43367
1.70768
0.92389
1.48460
1.16368
0.90896
1.34653
1.05450
0.70784
1.52409
0.81531
1.04757
0.77837
1.06925
1.23147
0.68956
0.59396
1.23749
1.26127
0.21787
1.72983
1.14677
1.29072
1.26695
0.92829
0.80735
1.25227
1.25481
1.41639
1.74257
0.89723
0.86649
1.56040
0.61900
1.06050
0.87451
1.17747
0.83270
0.93701
1.09606
0.71303
0.69315
0.55923
1.26317
1.27157
1.33301
1.20096
0.87848
1.72527
1.74145
1.34718
1.07100
0.97705
1.73871
0.73073
1.84980
0.96846
1.16250
1.65213
0.95224
1.61316
1.15955
1.28399
0.94411
0.80117
1.47695
1.25078
0.63461
0.92734
1.59267
1.70252
0.79055
1.29459
0.99500
1.22994
1.10285
0.64486
0.96812
1.64812
1.53986
1.35880
0.75425
0.78657
1.15112
0.90556
1.16251
1.34837
1.30821
1.02415
0.45339
0.90494
1.26010
1.02124
1.23791
1.08196
1.31814
1.04819
1.17181
1.15023
0.84756
1.17747
1.17442
1.53787
1.50398
1.39963
1.64214
1.45268
1.12761
1.54668
0.36932
0.64292
1.02775
1.06030
0.36872
1.39263
0.68256
1.31717
-0.43753
-0.31903
-0.81402
-0.55462
-0.53536
-0.94574
-0.57082
-0.77471
-0.07277
-0.40197
-0.24651
-0.78705
-0.43092
-0.80828
-0.56326
-0.39125
-0.38440
-0.47455
-0.48469
-0.62351
-1.25862
-0.33852
-0.23095
-0.59176
-0.69715
-0.08145
-0.53631
-0.36448
-0.14428
-0.37708
-0.63559
-0.30117
-0.97747
-0.31588
-0.51199
-0.56774
-0.46286
-0.67400
-0.17634
-0.27394
-0.17035
-0.83262
-0.64332
-0.58684
-0.26712
-0.28324
-0.43681
-0.55170
-0.78223
-0.55411
-0.05271
-0.05183
-0.23754
-0.75927
-0.19651
-0.11042
-0.69601
-0.34868
-0.05913
-0.58346
-0.65403
-0.22578
0.02841
-0.69645
-0.35001
-0.70669
-0.67488
-0.75200
-0.76913
-0.92064
-0.51519
-0.58844
-0.24497
-0.04046
-0.70364
-0.61362
-0.93044
-0.36353
-0.22038
-0.61382
-0.80598
0.26675
-0.27894
-0.50570
-0.44238
-0.61739
-0.34074
0.49735
-0.33394
-0.41033
-0.22572
-0.58817
0.02567
-0.60540
-0.88945
0.92057
0.53228
0.97829
0.77182
0.68506
0.91754
0.61489
0.87085
0.58121
0.67924
0.54780
0.73944
-0.02863
0.97241
0.70002
0.81053
0.37700
0.47678
0.44664
0.57742
0.47394
0.73979
0.57293
1.19423
0.83253
0.40266
0.94245
0.55381
1.13762
0.05551
1.12970
0.80595
1.08337
0.46838
0.51266
1.01535
0.36672
0.78606
0.52740
1.22638
0.88499
0.37224
0.53363
0.85024
0.62629
0.55607
0.37581
0.88015
0.46385
0.94211
0.84820
1.21721
1.10125
0.50788
0.70776
0.47365
0.79836
0.81886
0.61316
0.50562
0.50742
0.37897
0.43747
0.78862
0.81158
0.05190
0.79127
0.53789
1.00734
0.75911
0.69832
0.64264
0.53725
0.62193
0.78004
0.94946
0.89002
0.33185
1.09751
0.52608
0.60882
0.62781
0.39164
0.51357
0.63831
0.08547
-0.29842
0.03622
0.48886
0.27950
0.04970
0.98226
1.19034
1.55426
1.56758
1.43730
0.72988
0.82092
1.27977
1.15079
1.25115
0.86053
0.31647
0.63808
1.59547
0.96030
1.48853
0.49885
0.40259
0.58704
1.21860
0.85264
0.48722
0.72148
1.03188
1.06288
1.05239
0.67585
0.11782
1.06825
1.32849
0.21758
0.15473
-0.14388
-0.00120
0.28760
1.46350
0.95711
0.15077
1.16404
0.44479
1.35432
1.40858
1.20673
1.30012
1.18789
0.03684
-0.22483
-0.36265
-0.10299
-0.35979
0.28662
0.36704
-0.07133
0.19005
0.30516
0.35272
0.86120
0.25188
-0.19151
-0.03503
0.43861
0.34362
0.12545
0.04498
0.11209
-0.07519
-0.05614
-0.17964
0.01661
-0.00574
-0.08316
-0.24250
-0.04027
0.44791
0.04365
-0.07919
0.20504
0.04310
-0.27464
0.29226
0.34271
0.02384
0.14722
0.27291
-0.04113
-0.02156
0.34161
0.30936
0.45325
0.00785
0.46489
0.24002
0.29214
0.21589
-0.20803
0.30348
0.58221
-0.02137
-0.68054
1.01620
-1.54570
-1.28003
-1.39582
-1.44653
-1.14371
-1.26270
-1.14664
-1.17879
-1.29370
-1.10838
-1.26057
-1.29627
-1.05501
-1.54390
-1.36819
-0.76272
-1.11093
-1.33058
-1.54453
-0.59949
-0.25437
-0.57971
-0.61340
-0.37215
-0.40639
-0.13820
-0.35811
-0.72064
-0.46606
-0.53554
-0.89341
-0.27180
-0.58826
-0.04976
-0.31545
-0.79225
-0.43657
-0.46744
1.04046
1.04335
1.12983
1.25450
1.15825
1.20710
1.06571
1.51650
1.48920
1.14905
0.99852
1.14979
1.18850
1.02549
1.19338
1.39214
1.44740
0.92085
0.86696
1.57781
1.43025
1.27032
0.98610
1.20614
1.73251
0.93324
1.21158
1.16770
0.96307
1.57094
0.86287
1.45199
1.14050
1.71147
1.01711
1.05668
1.36796
1.14053
0.92241
1.28587
0.78130
0.63607
1.36770
0.89538
0.74825
0.70871
-1.30608
0.08308
0.19921
-1.14215
-0.34913
-0.87367
0.04847
0.22721
-0.57892
-0.74895
-0.25135
0.10279
0.28496
-0.54561
-0.09079
0.15513
0.70394
-0.36596
0.51190
0.46920
1.57295
1.36446
1.62357
1.48480
1.64822
1.45455
1.54957
1.40671
1.20733
1.12585
1.13625
1.14568
1.55520
0.85952
1.09225
1.13092
1.09159
1.20098
1.20011
0.90075
1.20747
1.10111
1.02869
1.09760
1.38919
0.96136
1.39285
1.40774
0.97457
1.19936
1.15722
1.45507
1.21120
1.60349
1.30928
0.98567
1.46246
1.12535
1.05950
1.22753
1.20898
1.25458
0.91738
0.71611
1.11481
1.10762
1.23519
1.16550
1.12344
1.27569
1.36403
1.03421
1.41193
1.82392
1.73641
1.54067
1.57445
1.52352
1.66891
1.87927
1.15621
1.34243
1.16950
1.28591
1.30215
1.07031
0.98636
1.15316
1.14343
1.39456
1.32094
1.52030
1.45733
1.47287
0.79265
0.88542
1.03822
0.91779
0.86603
0.98651
0.93026
1.22612
0.99680
1.13368
1.15652
1.10251
0.53979
1.00625
0.85645
0.91514
0.50305
0.38894
0.56310
0.82497
0.70637
0.71900
0.74061
0.54030
1.02132
0.31810
0.85510
0.96092
0.31524
0.72716
0.91556
1.14843
1.05830
0.55321
0.65374
0.42700
0.60282
0.69936
0.31960
0.70158
0.66505
0.61278
0.82720
0.98495
0.31065
0.91366
0.25002
1.02054
0.98287
0.52065
0.54761
0.74461
0.58135
0.69894
0.74632
0.91335
0.59052
0.37254
0.15570
0.57729
0.48352
0.17281
0.45766
0.59551
0.80130
0.31545
-0.05424
0.37003
0.55053
0.20559
0.45203
0.29187
1.06159
0.80091
0.96770
1.23252
0.76934
1.07473
0.23794
0.44411
0.39153
0.71025
1.07167
0.80501
0.67669
1.35204
1.53944
1.23076
1.30880
1.63518
1.67596
0.76992
0.71393
0.90734
1.16328
1.49216
-0.22201
0.23294
-0.56581
-1.42516
-0.06142
0.94618
0.46226
1.04205
0.54512
0.78293
0.75728
0.90384
0.91735
1.17355
0.94610
1.32230
1.51162
0.98160
1.57819
0.83317
1.41983
1.28292
0.74451
0.75623
1.26570
0.62194
0.80922
0.36686
0.63092
0.73844
0.79984
1.08282
1.10460
0.44445
0.88072
1.03251
1.17056
0.52041
0.70455
0.81695
0.77424
0.68501
1.35674
1.45780
1.38313
1.52985
1.41028
1.59907
1.29584
1.90785
1.83430
0.98215
1.12567
1.52855
1.44813
1.50335
0.94392
0.72128
1.42084
1.52032
1.38451
1.03968
0.92872
1.17252
1.25601
0.86483
0.87530
0.92170
0.69966
0.90742
0.71942
1.38177
0.75032
1.24413
0.91079
0.67380
0.65394
0.54181
0.87585
0.83348
-0.50785
0.73891
0.69123
0.36160
0.10483
0.47764
0.32555
0.39983
0.24885
0.59734
0.90590
0.60376
0.72667
0.72186
1.01489
1.09426
-0.76279
0.38949
1.01091
0.75072
0.57548
0.24394
0.54266
0.82172
0.39205
0.98030
0.32904
0.92349
0.96764
1.01096
0.59900
1.32458
1.08123
1.65700
1.13468
0.63711
1.03389
0.37580
0.87175
0.96871
-0.07376
0.10255
0.25818
0.42540
0.16191
0.38474
0.56319
1.00585
-0.05190
-0.53269
0.64782
0.02270
0.13420
0.08856
0.27208
0.10962
0.18298
0.12016
-0.19085
0.30752
0.88677
-0.07014
0.55505
-0.08244
0.76122
1.03468
0.02291
0.44509
0.98592
0.91831
0.29519
0.77802
0.97848
0.99249
1.55504
0.86886
0.64751
0.18811
0.77664
0.59616
0.31752
0.61240
0.28871
1.22667
0.87833
0.78894
0.91080
0.62920
-0.00751
0.35167
0.82085
0.85725
0.38077
0.26982
0.01602
0.79198
1.09541
0.98876
0.89778
1.31471
0.87590
0.81502
1.33101
1.58311
0.58958
0.82157
0.99776
0.73027
0.91672
0.75857
0.97350
0.75132
1.35754
0.82420
0.79686
0.71791
0.68413
0.56649
0.61401
0.58968
0.71108
0.97122
0.81144
0.75736
0.84042
0.78704
1.26686
1.16926
1.16390
1.45495
1.30229
1.31085
1.22517
1.37423
1.15336
0.75967
0.75182
1.11850
1.09973
1.18269
1.62978
1.24122
1.51075
0.86495
0.56486
0.65660
0.94040
1.79616
1.66018
2.32054
1.71800
1.51429
1.45306
1.37270
1.49478
1.74888
1.64269
1.46908
1.09874
1.39622
1.31725
1.15081
1.38612
1.49555
1.29737
1.57388
1.54865
1.01799
1.42109
1.59300
1.71736
1.19792
1.06501
1.27851
1.32092
1.68196
1.62442
2.02326
1.48577
1.40286
1.15322
1.75486
1.53191
1.76472
1.48933
1.94954
2.01922
1.72475
1.78312
1.23086
1.46025
1.79561
0.91241
1.28134
1.51618
1.29191
1.41602
1.70010
1.19245
0.49549
0.32811
1.09451
0.84197
1.29278
1.45992
1.76727
0.40827
0.70691
1.36680
0.81619
0.98145
1.11589
1.49250
1.64256
1.12754
1.24251
0.95884
1.05670
0.88144
1.03454
0.90930
0.88641
1.05923
1.13901
1.13586
1.22479
1.03498
1.18947
0.99463
0.78628
0.86042
1.00727
0.72514
0.78535
1.04387
1.08950
0.78940
1.09189
1.26274
0.79895
1.43277
1.50036
0.47052
1.02018
1.04990
1.49143
0.64672
1.64228
